{
 "cells": [
  {
   "cell_type": "code",
   "execution_count": 1,
   "id": "050c878a",
   "metadata": {},
   "outputs": [],
   "source": [
    "%load_ext autoreload\n",
    "%autoreload 2"
   ]
  },
  {
   "cell_type": "code",
   "execution_count": 3,
   "id": "7418d82f",
   "metadata": {},
   "outputs": [
    {
     "name": "stderr",
     "output_type": "stream",
     "text": [
      "/usr/local/lib/python3.8/dist-packages/tqdm/auto.py:21: TqdmWarning: IProgress not found. Please update jupyter and ipywidgets. See https://ipywidgets.readthedocs.io/en/stable/user_install.html\n",
      "  from .autonotebook import tqdm as notebook_tqdm\n"
     ]
    }
   ],
   "source": [
    "import numpy as np\n",
    "import pandas as pd\n",
    "import torch\n",
    "import re\n",
    "from sklearn.metrics import balanced_accuracy_score, roc_auc_score,accuracy_score,precision_recall_fscore_support\n",
    "from Constants import *\n",
    "from Preprocessing import *\n",
    "from Models import *\n",
    "import copy\n",
    "from Utils import *\n",
    "from DeepSurvivalModels import *\n",
    "pd.set_option('display.max_rows', 200)\n",
    "\n"
   ]
  },
  {
   "cell_type": "code",
   "execution_count": 4,
   "id": "c427599a",
   "metadata": {
    "scrolled": true
   },
   "outputs": [
    {
     "data": {
      "text/plain": [
       "(536, 66)"
      ]
     },
     "execution_count": 4,
     "metadata": {},
     "output_type": "execute_result"
    }
   ],
   "source": [
    "data = DTDataset(use_smote=False)\n",
    "data.processed_df.T\n",
    "data.get_input_state(1).shape\n",
    "# data.processed_df#.shape, len(data.processed_df.index.unique())"
   ]
  },
  {
   "cell_type": "code",
   "execution_count": 9,
   "id": "f2937b08",
   "metadata": {},
   "outputs": [
    {
     "data": {
      "text/plain": [
       "device(type='cpu')"
      ]
     },
     "execution_count": 9,
     "metadata": {},
     "output_type": "execute_result"
    }
   ],
   "source": [
    "from Utils import *\n",
    "model1,model2,model3,smodel3 = load_transition_models()\n",
    "model3.input_mean.device"
   ]
  },
  {
   "cell_type": "code",
   "execution_count": 25,
   "id": "b29d259b",
   "metadata": {},
   "outputs": [
    {
     "name": "stdout",
     "output_type": "stream",
     "text": [
      "torch.Size([147, 65])\n",
      "tshape torch.Size([147])\n",
      "torch.Size([147]) torch.Size([147])\n",
      "tshape torch.Size([147])\n",
      "torch.Size([147]) torch.Size([147])\n",
      "tshape torch.Size([147])\n",
      "torch.Size([147]) torch.Size([147])\n",
      "tshape torch.Size([147])\n",
      "torch.Size([147]) torch.Size([147])\n",
      "tshape torch.Size([147])\n",
      "torch.Size([147]) torch.Size([147])\n",
      "tshape torch.Size([147])\n",
      "torch.Size([147]) torch.Size([147])\n",
      "tshape torch.Size([147])\n",
      "torch.Size([147]) torch.Size([147])\n",
      "tshape torch.Size([147])\n",
      "torch.Size([147]) torch.Size([147])\n"
     ]
    },
    {
     "data": {
      "text/plain": [
       "(tensor([[0., 0., 0.],\n",
       "         [0., 0., 0.],\n",
       "         [1., 0., 0.],\n",
       "         [1., 0., 0.],\n",
       "         [1., 1., 0.],\n",
       "         [1., 0., 0.],\n",
       "         [1., 0., 0.],\n",
       "         [0., 1., 0.],\n",
       "         [0., 1., 0.],\n",
       "         [1., 0., 0.],\n",
       "         [1., 0., 1.],\n",
       "         [1., 0., 0.],\n",
       "         [0., 0., 1.],\n",
       "         [1., 0., 0.],\n",
       "         [0., 0., 0.],\n",
       "         [1., 0., 0.],\n",
       "         [1., 0., 0.],\n",
       "         [1., 0., 0.],\n",
       "         [0., 1., 1.],\n",
       "         [1., 0., 0.],\n",
       "         [1., 0., 1.],\n",
       "         [1., 0., 1.],\n",
       "         [1., 0., 0.],\n",
       "         [0., 0., 0.],\n",
       "         [1., 0., 0.],\n",
       "         [1., 0., 0.],\n",
       "         [1., 0., 0.],\n",
       "         [0., 0., 1.],\n",
       "         [1., 0., 0.],\n",
       "         [0., 1., 0.],\n",
       "         [1., 0., 0.],\n",
       "         [1., 0., 0.],\n",
       "         [0., 0., 1.],\n",
       "         [1., 0., 0.],\n",
       "         [0., 1., 0.],\n",
       "         [0., 0., 0.],\n",
       "         [1., 0., 0.],\n",
       "         [0., 0., 1.],\n",
       "         [0., 0., 0.],\n",
       "         [1., 0., 0.],\n",
       "         [1., 0., 0.],\n",
       "         [0., 0., 0.],\n",
       "         [0., 0., 0.],\n",
       "         [0., 0., 0.],\n",
       "         [0., 0., 0.],\n",
       "         [1., 0., 0.],\n",
       "         [1., 0., 0.],\n",
       "         [1., 0., 0.],\n",
       "         [1., 0., 0.],\n",
       "         [1., 0., 0.],\n",
       "         [1., 0., 0.],\n",
       "         [1., 0., 0.],\n",
       "         [1., 1., 0.],\n",
       "         [1., 0., 0.],\n",
       "         [1., 0., 0.],\n",
       "         [1., 0., 1.],\n",
       "         [1., 0., 0.],\n",
       "         [0., 0., 1.],\n",
       "         [1., 0., 0.],\n",
       "         [1., 0., 0.],\n",
       "         [0., 0., 1.],\n",
       "         [1., 0., 0.],\n",
       "         [1., 0., 0.],\n",
       "         [1., 0., 0.],\n",
       "         [0., 1., 1.],\n",
       "         [0., 0., 1.],\n",
       "         [1., 0., 0.],\n",
       "         [1., 0., 1.],\n",
       "         [1., 0., 0.],\n",
       "         [0., 0., 1.],\n",
       "         [1., 0., 1.],\n",
       "         [1., 0., 0.],\n",
       "         [0., 0., 0.],\n",
       "         [1., 0., 0.],\n",
       "         [1., 0., 0.],\n",
       "         [0., 0., 0.],\n",
       "         [1., 0., 1.],\n",
       "         [1., 0., 1.],\n",
       "         [1., 0., 0.],\n",
       "         [0., 0., 0.],\n",
       "         [1., 0., 0.],\n",
       "         [1., 0., 0.],\n",
       "         [1., 0., 1.],\n",
       "         [1., 0., 0.],\n",
       "         [1., 0., 0.],\n",
       "         [1., 0., 0.],\n",
       "         [1., 0., 0.],\n",
       "         [1., 0., 0.],\n",
       "         [0., 1., 0.],\n",
       "         [0., 0., 0.],\n",
       "         [0., 0., 0.],\n",
       "         [1., 0., 0.],\n",
       "         [1., 0., 0.],\n",
       "         [0., 1., 0.],\n",
       "         [1., 0., 0.],\n",
       "         [0., 0., 1.],\n",
       "         [1., 0., 0.],\n",
       "         [1., 0., 0.],\n",
       "         [1., 0., 0.],\n",
       "         [0., 0., 1.],\n",
       "         [0., 0., 0.],\n",
       "         [1., 0., 0.],\n",
       "         [1., 0., 0.],\n",
       "         [0., 0., 0.],\n",
       "         [1., 0., 0.],\n",
       "         [1., 0., 0.],\n",
       "         [1., 0., 0.],\n",
       "         [1., 0., 0.],\n",
       "         [1., 0., 0.],\n",
       "         [1., 0., 0.],\n",
       "         [1., 0., 1.],\n",
       "         [0., 1., 1.],\n",
       "         [0., 0., 1.],\n",
       "         [1., 0., 0.],\n",
       "         [1., 0., 0.],\n",
       "         [1., 0., 0.],\n",
       "         [0., 1., 0.],\n",
       "         [1., 0., 0.],\n",
       "         [0., 0., 0.],\n",
       "         [0., 1., 0.],\n",
       "         [1., 0., 0.],\n",
       "         [1., 0., 0.],\n",
       "         [1., 0., 0.],\n",
       "         [0., 0., 0.],\n",
       "         [1., 0., 0.],\n",
       "         [0., 1., 1.],\n",
       "         [1., 0., 0.],\n",
       "         [1., 0., 0.],\n",
       "         [1., 0., 0.],\n",
       "         [0., 0., 0.],\n",
       "         [0., 0., 0.],\n",
       "         [0., 0., 1.],\n",
       "         [1., 0., 0.],\n",
       "         [1., 0., 0.],\n",
       "         [0., 1., 1.],\n",
       "         [1., 0., 0.],\n",
       "         [1., 0., 0.],\n",
       "         [1., 0., 0.],\n",
       "         [0., 0., 0.],\n",
       "         [1., 0., 0.],\n",
       "         [1., 0., 0.],\n",
       "         [1., 0., 0.],\n",
       "         [1., 0., 0.],\n",
       "         [1., 0., 0.],\n",
       "         [1., 1., 1.],\n",
       "         [1., 0., 0.],\n",
       "         [1., 0., 0.]]),\n",
       " {'pd1': tensor([[0.0000e+00, 0.0000e+00, 3.3333e-01],\n",
       "          [0.0000e+00, 0.0000e+00, 3.3333e-01],\n",
       "          [9.6381e-05, 9.9990e-01, 5.1420e-06],\n",
       "          [9.8699e-03, 9.8993e-01, 2.0230e-04],\n",
       "          [6.5057e-01, 3.4781e-01, 1.6198e-03],\n",
       "          [3.9192e-01, 6.0705e-01, 1.0271e-03],\n",
       "          [6.1163e-01, 3.8788e-01, 4.8592e-04],\n",
       "          [0.0000e+00, 0.0000e+00, 3.3333e-01],\n",
       "          [0.0000e+00, 0.0000e+00, 3.3333e-01],\n",
       "          [6.6711e-01, 3.3198e-01, 9.1157e-04],\n",
       "          [8.6025e-01, 1.3890e-01, 8.5036e-04],\n",
       "          [5.7270e-01, 4.2698e-01, 3.2081e-04],\n",
       "          [0.0000e+00, 0.0000e+00, 3.3333e-01],\n",
       "          [7.2470e-01, 2.7445e-01, 8.4905e-04],\n",
       "          [0.0000e+00, 0.0000e+00, 3.3333e-01],\n",
       "          [6.4060e-01, 3.5843e-01, 9.7151e-04],\n",
       "          [2.5823e-04, 9.9974e-01, 5.2572e-07],\n",
       "          [4.0966e-01, 5.8928e-01, 1.0626e-03],\n",
       "          [0.0000e+00, 0.0000e+00, 3.3333e-01],\n",
       "          [9.8548e-01, 1.4429e-02, 9.3756e-05],\n",
       "          [8.6312e-02, 9.1289e-01, 7.9357e-04],\n",
       "          [8.3449e-01, 1.6469e-01, 8.1684e-04],\n",
       "          [4.9389e-01, 5.0371e-01, 2.3967e-03],\n",
       "          [0.0000e+00, 0.0000e+00, 3.3333e-01],\n",
       "          [9.9604e-01, 3.9557e-03, 4.4192e-37],\n",
       "          [4.5732e-01, 5.4150e-01, 1.1805e-03],\n",
       "          [9.9900e-01, 1.0040e-03, 2.5115e-37],\n",
       "          [0.0000e+00, 0.0000e+00, 3.3333e-01],\n",
       "          [7.6772e-01, 2.3147e-01, 8.1079e-04],\n",
       "          [0.0000e+00, 0.0000e+00, 3.3333e-01],\n",
       "          [9.7805e-01, 2.1582e-02, 3.7029e-04],\n",
       "          [9.3576e-01, 6.3779e-02, 4.5901e-04],\n",
       "          [0.0000e+00, 0.0000e+00, 3.3333e-01],\n",
       "          [9.8574e-01, 1.4128e-02, 1.3298e-04],\n",
       "          [0.0000e+00, 0.0000e+00, 3.3333e-01],\n",
       "          [0.0000e+00, 0.0000e+00, 3.3333e-01],\n",
       "          [8.1370e-01, 1.8545e-01, 8.5226e-04],\n",
       "          [0.0000e+00, 0.0000e+00, 3.3333e-01],\n",
       "          [0.0000e+00, 0.0000e+00, 3.3333e-01],\n",
       "          [2.5270e-01, 7.4646e-01, 8.3839e-04],\n",
       "          [8.5867e-01, 1.4087e-01, 4.6163e-04],\n",
       "          [0.0000e+00, 0.0000e+00, 3.3333e-01],\n",
       "          [0.0000e+00, 0.0000e+00, 3.3333e-01],\n",
       "          [0.0000e+00, 0.0000e+00, 3.3333e-01],\n",
       "          [0.0000e+00, 0.0000e+00, 3.3333e-01],\n",
       "          [1.7858e-02, 9.8208e-01, 6.2036e-05],\n",
       "          [9.6156e-01, 3.8244e-02, 1.9091e-04],\n",
       "          [9.7036e-01, 2.9546e-02, 9.4685e-05],\n",
       "          [9.7038e-01, 2.8861e-02, 7.5609e-04],\n",
       "          [2.6030e-01, 7.3864e-01, 1.0583e-03],\n",
       "          [6.6934e-01, 3.3044e-01, 2.1729e-04],\n",
       "          [6.5694e-01, 3.4085e-01, 2.2122e-03],\n",
       "          [1.9156e-01, 8.0677e-01, 1.6743e-03],\n",
       "          [3.7956e-01, 6.1900e-01, 1.4394e-03],\n",
       "          [3.4690e-01, 6.5204e-01, 1.0623e-03],\n",
       "          [2.3121e-02, 9.7636e-01, 5.1619e-04],\n",
       "          [6.7397e-01, 3.2531e-01, 7.2591e-04],\n",
       "          [0.0000e+00, 0.0000e+00, 3.3333e-01],\n",
       "          [2.4916e-01, 7.5084e-01, 2.3842e-06],\n",
       "          [6.5411e-01, 3.4435e-01, 1.5436e-03],\n",
       "          [0.0000e+00, 0.0000e+00, 3.3333e-01],\n",
       "          [9.2108e-01, 7.7938e-02, 9.8619e-04],\n",
       "          [8.7471e-01, 1.2415e-01, 1.1421e-03],\n",
       "          [9.8218e-01, 1.7660e-02, 1.6112e-04],\n",
       "          [0.0000e+00, 0.0000e+00, 3.3333e-01],\n",
       "          [0.0000e+00, 0.0000e+00, 3.3333e-01],\n",
       "          [9.5431e-01, 4.4923e-02, 7.6340e-04],\n",
       "          [1.1814e-01, 8.8113e-01, 7.3243e-04],\n",
       "          [9.8534e-01, 1.4340e-02, 3.2243e-04],\n",
       "          [0.0000e+00, 0.0000e+00, 3.3333e-01],\n",
       "          [1.8134e-02, 9.8153e-01, 3.3207e-04],\n",
       "          [8.6854e-01, 1.3052e-01, 9.4395e-04],\n",
       "          [0.0000e+00, 0.0000e+00, 3.3333e-01],\n",
       "          [9.8762e-01, 1.2261e-02, 1.1947e-04],\n",
       "          [4.9794e-01, 5.0172e-01, 3.4103e-04],\n",
       "          [0.0000e+00, 0.0000e+00, 3.3333e-01],\n",
       "          [6.0433e-05, 9.9994e-01, 2.8649e-06],\n",
       "          [1.4653e-02, 9.8499e-01, 3.5603e-04],\n",
       "          [1.9159e-02, 9.8073e-01, 1.1399e-04],\n",
       "          [0.0000e+00, 0.0000e+00, 3.3333e-01],\n",
       "          [4.3417e-01, 5.6513e-01, 7.0545e-04],\n",
       "          [4.2824e-01, 5.7120e-01, 5.5647e-04],\n",
       "          [1.9239e-01, 8.0611e-01, 1.4974e-03],\n",
       "          [9.9354e-01, 6.3930e-03, 6.5945e-05],\n",
       "          [7.5111e-01, 2.4871e-01, 1.8342e-04],\n",
       "          [8.9516e-01, 1.0440e-01, 4.3892e-04],\n",
       "          [4.4829e-01, 5.5076e-01, 9.5206e-04],\n",
       "          [3.5155e-01, 6.4816e-01, 2.9218e-04],\n",
       "          [0.0000e+00, 0.0000e+00, 3.3333e-01],\n",
       "          [0.0000e+00, 0.0000e+00, 3.3333e-01],\n",
       "          [0.0000e+00, 0.0000e+00, 3.3333e-01],\n",
       "          [8.7834e-01, 1.2120e-01, 4.6421e-04],\n",
       "          [3.9265e-01, 6.0649e-01, 8.5168e-04],\n",
       "          [0.0000e+00, 0.0000e+00, 3.3333e-01],\n",
       "          [4.3696e-02, 9.5630e-01, 7.4706e-06],\n",
       "          [0.0000e+00, 0.0000e+00, 3.3333e-01],\n",
       "          [8.0657e-01, 1.9199e-01, 1.4333e-03],\n",
       "          [1.7672e-02, 9.8228e-01, 4.9546e-05],\n",
       "          [9.7003e-01, 2.9546e-02, 4.1903e-04],\n",
       "          [0.0000e+00, 0.0000e+00, 3.3333e-01],\n",
       "          [0.0000e+00, 0.0000e+00, 3.3333e-01],\n",
       "          [9.4771e-01, 5.1719e-02, 5.7365e-04],\n",
       "          [8.9857e-01, 1.0003e-01, 1.3930e-03],\n",
       "          [0.0000e+00, 0.0000e+00, 3.3333e-01],\n",
       "          [9.2523e-01, 7.4064e-02, 7.0524e-04],\n",
       "          [9.3199e-01, 6.7529e-02, 4.7620e-04],\n",
       "          [9.0220e-01, 9.7438e-02, 3.6686e-04],\n",
       "          [7.7137e-01, 2.2771e-01, 9.2007e-04],\n",
       "          [8.9563e-01, 1.0404e-01, 3.2624e-04],\n",
       "          [8.3360e-01, 1.6560e-01, 7.9920e-04],\n",
       "          [4.5628e-02, 9.5365e-01, 7.2280e-04],\n",
       "          [0.0000e+00, 0.0000e+00, 3.3333e-01],\n",
       "          [0.0000e+00, 0.0000e+00, 3.3333e-01],\n",
       "          [2.0358e-01, 7.9545e-01, 9.7110e-04],\n",
       "          [9.2720e-01, 7.2190e-02, 6.1252e-04],\n",
       "          [8.9644e-01, 1.0253e-01, 1.0293e-03],\n",
       "          [0.0000e+00, 0.0000e+00, 3.3333e-01],\n",
       "          [4.0105e-01, 5.9760e-01, 1.3505e-03],\n",
       "          [0.0000e+00, 0.0000e+00, 3.3333e-01],\n",
       "          [0.0000e+00, 0.0000e+00, 3.3333e-01],\n",
       "          [8.4530e-01, 1.5393e-01, 7.7052e-04],\n",
       "          [1.5297e-01, 8.4579e-01, 1.2414e-03],\n",
       "          [7.4091e-01, 2.5718e-01, 1.9120e-03],\n",
       "          [0.0000e+00, 0.0000e+00, 3.3333e-01],\n",
       "          [7.8975e-01, 2.0916e-01, 1.0954e-03],\n",
       "          [0.0000e+00, 0.0000e+00, 3.3333e-01],\n",
       "          [3.4747e-03, 9.9648e-01, 4.8346e-05],\n",
       "          [6.2249e-02, 9.3765e-01, 1.0242e-04],\n",
       "          [8.8075e-01, 1.1921e-01, 4.5083e-05],\n",
       "          [0.0000e+00, 0.0000e+00, 3.3333e-01],\n",
       "          [0.0000e+00, 0.0000e+00, 3.3333e-01],\n",
       "          [0.0000e+00, 0.0000e+00, 3.3333e-01],\n",
       "          [2.9694e-01, 6.9994e-01, 3.1159e-03],\n",
       "          [8.7779e-01, 1.2094e-01, 1.2706e-03],\n",
       "          [0.0000e+00, 0.0000e+00, 3.3333e-01],\n",
       "          [8.9227e-01, 1.0671e-01, 1.0124e-03],\n",
       "          [6.7375e-01, 3.2389e-01, 2.3594e-03],\n",
       "          [9.8608e-01, 1.3798e-02, 1.2055e-04],\n",
       "          [0.0000e+00, 0.0000e+00, 3.3333e-01],\n",
       "          [8.8355e-01, 1.1571e-01, 7.4305e-04],\n",
       "          [1.2383e-01, 8.7544e-01, 7.2576e-04],\n",
       "          [7.6282e-02, 9.2280e-01, 9.1796e-04],\n",
       "          [9.0926e-01, 9.0736e-02, 5.3784e-06],\n",
       "          [1.2106e-01, 8.7872e-01, 2.1850e-04],\n",
       "          [1.8126e-01, 8.1797e-01, 7.7373e-04],\n",
       "          [7.2233e-01, 2.7628e-01, 1.3842e-03],\n",
       "          [9.3981e-01, 5.9730e-02, 4.5547e-04]], grad_fn=<CopySlices>),\n",
       "  'nd1': tensor([[0.0000e+00, 0.0000e+00, 3.3333e-01],\n",
       "          [0.0000e+00, 0.0000e+00, 3.3333e-01],\n",
       "          [1.1737e-06, 1.0000e+00, 1.1731e-06],\n",
       "          [7.4461e-06, 9.9999e-01, 7.4257e-06],\n",
       "          [1.8164e-05, 9.9996e-01, 1.8061e-05],\n",
       "          [4.1083e-06, 9.9999e-01, 4.0977e-06],\n",
       "          [2.7409e-06, 9.9999e-01, 2.7347e-06],\n",
       "          [0.0000e+00, 0.0000e+00, 3.3333e-01],\n",
       "          [0.0000e+00, 0.0000e+00, 3.3333e-01],\n",
       "          [4.2139e-06, 9.9999e-01, 4.2014e-06],\n",
       "          [7.6117e-06, 9.9998e-01, 7.5849e-06],\n",
       "          [6.1540e-07, 1.0000e+00, 6.1460e-07],\n",
       "          [0.0000e+00, 0.0000e+00, 3.3333e-01],\n",
       "          [3.7227e-06, 9.9999e-01, 3.7143e-06],\n",
       "          [0.0000e+00, 0.0000e+00, 3.3333e-01],\n",
       "          [4.3668e-06, 9.9999e-01, 4.3509e-06],\n",
       "          [4.2043e-09, 1.0000e+00, 4.2041e-09],\n",
       "          [6.5886e-06, 9.9999e-01, 6.5688e-06],\n",
       "          [0.0000e+00, 0.0000e+00, 3.3333e-01],\n",
       "          [1.3340e-06, 1.0000e+00, 1.3318e-06],\n",
       "          [1.3998e-05, 9.9997e-01, 1.3945e-05],\n",
       "          [5.2159e-06, 9.9999e-01, 5.1957e-06],\n",
       "          [4.0004e-05, 9.9992e-01, 3.9739e-05],\n",
       "          [0.0000e+00, 0.0000e+00, 3.3333e-01],\n",
       "          [0.0000e+00, 1.0000e+00, 0.0000e+00],\n",
       "          [5.0543e-06, 9.9999e-01, 5.0353e-06],\n",
       "          [0.0000e+00, 1.0000e+00, 0.0000e+00],\n",
       "          [0.0000e+00, 0.0000e+00, 3.3333e-01],\n",
       "          [5.6763e-06, 9.9999e-01, 5.6557e-06],\n",
       "          [0.0000e+00, 0.0000e+00, 3.3333e-01],\n",
       "          [9.6670e-06, 9.9998e-01, 9.6206e-06],\n",
       "          [5.4448e-06, 9.9999e-01, 5.4226e-06],\n",
       "          [0.0000e+00, 0.0000e+00, 3.3333e-01],\n",
       "          [2.2928e-06, 1.0000e+00, 2.2866e-06],\n",
       "          [0.0000e+00, 0.0000e+00, 3.3333e-01],\n",
       "          [0.0000e+00, 0.0000e+00, 3.3333e-01],\n",
       "          [9.2643e-06, 9.9998e-01, 9.2207e-06],\n",
       "          [0.0000e+00, 0.0000e+00, 3.3333e-01],\n",
       "          [0.0000e+00, 0.0000e+00, 3.3333e-01],\n",
       "          [3.7063e-06, 9.9999e-01, 3.6981e-06],\n",
       "          [2.5369e-06, 9.9999e-01, 2.5312e-06],\n",
       "          [0.0000e+00, 0.0000e+00, 3.3333e-01],\n",
       "          [0.0000e+00, 0.0000e+00, 3.3333e-01],\n",
       "          [0.0000e+00, 0.0000e+00, 3.3333e-01],\n",
       "          [0.0000e+00, 0.0000e+00, 3.3333e-01],\n",
       "          [2.7866e-07, 1.0000e+00, 2.7851e-07],\n",
       "          [1.4708e-06, 1.0000e+00, 1.4671e-06],\n",
       "          [4.3580e-07, 1.0000e+00, 4.3527e-07],\n",
       "          [3.3504e-05, 9.9993e-01, 3.3231e-05],\n",
       "          [6.1468e-06, 9.9999e-01, 6.1228e-06],\n",
       "          [4.0592e-07, 1.0000e+00, 4.0553e-07],\n",
       "          [3.0131e-05, 9.9994e-01, 2.9927e-05],\n",
       "          [2.2892e-05, 9.9995e-01, 2.2774e-05],\n",
       "          [9.7779e-06, 9.9998e-01, 9.7373e-06],\n",
       "          [4.5132e-06, 9.9999e-01, 4.5015e-06],\n",
       "          [1.7655e-05, 9.9996e-01, 1.7575e-05],\n",
       "          [3.6288e-06, 9.9999e-01, 3.6196e-06],\n",
       "          [0.0000e+00, 0.0000e+00, 3.3333e-01],\n",
       "          [1.2645e-10, 1.0000e+00, 1.2645e-10],\n",
       "          [1.7551e-05, 9.9996e-01, 1.7474e-05],\n",
       "          [0.0000e+00, 0.0000e+00, 3.3333e-01],\n",
       "          [2.1005e-05, 9.9996e-01, 2.0861e-05],\n",
       "          [1.8872e-05, 9.9996e-01, 1.8758e-05],\n",
       "          [2.0609e-06, 1.0000e+00, 2.0548e-06],\n",
       "          [0.0000e+00, 0.0000e+00, 3.3333e-01],\n",
       "          [0.0000e+00, 0.0000e+00, 3.3333e-01],\n",
       "          [1.9348e-05, 9.9996e-01, 1.9218e-05],\n",
       "          [1.1935e-05, 9.9998e-01, 1.1887e-05],\n",
       "          [1.2611e-05, 9.9997e-01, 1.2540e-05],\n",
       "          [0.0000e+00, 0.0000e+00, 3.3333e-01],\n",
       "          [1.3359e-05, 9.9997e-01, 1.3314e-05],\n",
       "          [1.0935e-05, 9.9998e-01, 1.0878e-05],\n",
       "          [0.0000e+00, 0.0000e+00, 3.3333e-01],\n",
       "          [1.5357e-06, 1.0000e+00, 1.5322e-06],\n",
       "          [1.0872e-06, 1.0000e+00, 1.0860e-06],\n",
       "          [0.0000e+00, 0.0000e+00, 3.3333e-01],\n",
       "          [3.2723e-07, 1.0000e+00, 3.2713e-07],\n",
       "          [1.4847e-05, 9.9997e-01, 1.4790e-05],\n",
       "          [1.3783e-06, 1.0000e+00, 1.3768e-06],\n",
       "          [0.0000e+00, 0.0000e+00, 3.3333e-01],\n",
       "          [2.0885e-06, 1.0000e+00, 2.0851e-06],\n",
       "          [2.0297e-06, 1.0000e+00, 2.0250e-06],\n",
       "          [2.7667e-05, 9.9994e-01, 2.7522e-05],\n",
       "          [1.5863e-06, 1.0000e+00, 1.5833e-06],\n",
       "          [4.4815e-07, 1.0000e+00, 4.4775e-07],\n",
       "          [2.6058e-06, 9.9999e-01, 2.6004e-06],\n",
       "          [6.3250e-06, 9.9999e-01, 6.3054e-06],\n",
       "          [4.6497e-07, 1.0000e+00, 4.6463e-07],\n",
       "          [0.0000e+00, 0.0000e+00, 3.3333e-01],\n",
       "          [0.0000e+00, 0.0000e+00, 3.3333e-01],\n",
       "          [0.0000e+00, 0.0000e+00, 3.3333e-01],\n",
       "          [2.6301e-06, 9.9999e-01, 2.6248e-06],\n",
       "          [4.8723e-06, 9.9999e-01, 4.8562e-06],\n",
       "          [0.0000e+00, 0.0000e+00, 3.3333e-01],\n",
       "          [4.4070e-09, 1.0000e+00, 4.4066e-09],\n",
       "          [0.0000e+00, 0.0000e+00, 3.3333e-01],\n",
       "          [2.0308e-05, 9.9996e-01, 2.0160e-05],\n",
       "          [3.4797e-07, 1.0000e+00, 3.4767e-07],\n",
       "          [7.4411e-06, 9.9999e-01, 7.4075e-06],\n",
       "          [0.0000e+00, 0.0000e+00, 3.3333e-01],\n",
       "          [0.0000e+00, 0.0000e+00, 3.3333e-01],\n",
       "          [1.1083e-05, 9.9998e-01, 1.1038e-05],\n",
       "          [3.3815e-05, 9.9993e-01, 3.3527e-05],\n",
       "          [0.0000e+00, 0.0000e+00, 3.3333e-01],\n",
       "          [8.2251e-06, 9.9998e-01, 8.1917e-06],\n",
       "          [5.3322e-06, 9.9999e-01, 5.3134e-06],\n",
       "          [2.4963e-06, 9.9999e-01, 2.4905e-06],\n",
       "          [5.5723e-06, 9.9999e-01, 5.5522e-06],\n",
       "          [1.5418e-06, 1.0000e+00, 1.5392e-06],\n",
       "          [5.5733e-06, 9.9999e-01, 5.5521e-06],\n",
       "          [2.0770e-05, 9.9996e-01, 2.0680e-05],\n",
       "          [0.0000e+00, 0.0000e+00, 3.3333e-01],\n",
       "          [0.0000e+00, 0.0000e+00, 3.3333e-01],\n",
       "          [9.6701e-06, 9.9998e-01, 9.6379e-06],\n",
       "          [9.6174e-06, 9.9998e-01, 9.5730e-06],\n",
       "          [1.4317e-05, 9.9997e-01, 1.4231e-05],\n",
       "          [0.0000e+00, 0.0000e+00, 3.3333e-01],\n",
       "          [8.4146e-06, 9.9998e-01, 8.3743e-06],\n",
       "          [0.0000e+00, 0.0000e+00, 3.3333e-01],\n",
       "          [0.0000e+00, 0.0000e+00, 3.3333e-01],\n",
       "          [9.5693e-06, 9.9998e-01, 9.5197e-06],\n",
       "          [1.7483e-05, 9.9997e-01, 1.7399e-05],\n",
       "          [2.8044e-05, 9.9994e-01, 2.7859e-05],\n",
       "          [0.0000e+00, 0.0000e+00, 3.3333e-01],\n",
       "          [1.1066e-05, 9.9998e-01, 1.1005e-05],\n",
       "          [0.0000e+00, 0.0000e+00, 3.3333e-01],\n",
       "          [1.6452e-06, 1.0000e+00, 1.6432e-06],\n",
       "          [2.7751e-07, 1.0000e+00, 2.7733e-07],\n",
       "          [5.3175e-08, 1.0000e+00, 5.3153e-08],\n",
       "          [0.0000e+00, 0.0000e+00, 3.3333e-01],\n",
       "          [0.0000e+00, 0.0000e+00, 3.3333e-01],\n",
       "          [0.0000e+00, 0.0000e+00, 3.3333e-01],\n",
       "          [6.8373e-05, 9.9986e-01, 6.7820e-05],\n",
       "          [1.8280e-05, 9.9996e-01, 1.8156e-05],\n",
       "          [0.0000e+00, 0.0000e+00, 3.3333e-01],\n",
       "          [1.8502e-05, 9.9996e-01, 1.8404e-05],\n",
       "          [3.6722e-05, 9.9993e-01, 3.6452e-05],\n",
       "          [2.2917e-06, 1.0000e+00, 2.2851e-06],\n",
       "          [0.0000e+00, 0.0000e+00, 3.3333e-01],\n",
       "          [8.6206e-06, 9.9998e-01, 8.5848e-06],\n",
       "          [8.3455e-06, 9.9998e-01, 8.3168e-06],\n",
       "          [1.6930e-05, 9.9997e-01, 1.6848e-05],\n",
       "          [8.4832e-10, 1.0000e+00, 8.4825e-10],\n",
       "          [7.4932e-07, 1.0000e+00, 7.4860e-07],\n",
       "          [8.5444e-06, 9.9998e-01, 8.5138e-06],\n",
       "          [1.6523e-05, 9.9997e-01, 1.6435e-05],\n",
       "          [5.8270e-06, 9.9999e-01, 5.8058e-06]], grad_fn=<CopySlices>),\n",
       "  'nd2': tensor([[9.1804e-01, 7.6701e-02, 5.2591e-03],\n",
       "          [8.8313e-01, 1.1675e-01, 1.1448e-04],\n",
       "          [7.2798e-01, 2.6649e-01, 5.5385e-03],\n",
       "          [6.6329e-01, 3.1996e-01, 1.6741e-02],\n",
       "          [6.6523e-01, 3.0363e-01, 3.1135e-02],\n",
       "          [5.0026e-01, 4.7821e-01, 2.1525e-02],\n",
       "          [5.8240e-01, 4.0963e-01, 7.9708e-03],\n",
       "          [3.9195e-01, 5.9221e-01, 1.5849e-02],\n",
       "          [5.9884e-01, 3.8598e-01, 1.5175e-02],\n",
       "          [4.7006e-01, 5.0687e-01, 2.3068e-02],\n",
       "          [4.5795e-01, 5.1363e-01, 2.8415e-02],\n",
       "          [7.1185e-01, 2.8274e-01, 5.4047e-03],\n",
       "          [4.4096e-01, 5.3821e-01, 2.0830e-02],\n",
       "          [4.0018e-01, 5.8262e-01, 1.7193e-02],\n",
       "          [5.9190e-01, 3.9129e-01, 1.6808e-02],\n",
       "          [5.5458e-01, 4.2013e-01, 2.5290e-02],\n",
       "          [6.0719e-01, 3.9164e-01, 1.1752e-03],\n",
       "          [6.3095e-01, 3.4974e-01, 1.9312e-02],\n",
       "          [3.4359e-01, 6.3865e-01, 1.7761e-02],\n",
       "          [5.0819e-01, 4.8319e-01, 8.6258e-03],\n",
       "          [6.9349e-01, 2.8433e-01, 2.2179e-02],\n",
       "          [5.9810e-01, 3.7350e-01, 2.8401e-02],\n",
       "          [5.9303e-01, 3.7605e-01, 3.0915e-02],\n",
       "          [5.9482e-01, 4.0043e-01, 4.7468e-03],\n",
       "          [4.4505e-01, 5.5461e-01, 3.3968e-04],\n",
       "          [6.1691e-01, 3.6517e-01, 1.7924e-02],\n",
       "          [5.0244e-01, 4.9725e-01, 3.0673e-04],\n",
       "          [6.8280e-01, 3.1451e-01, 2.6878e-03],\n",
       "          [4.2747e-01, 5.5687e-01, 1.5667e-02],\n",
       "          [4.4237e-01, 5.4115e-01, 1.6484e-02],\n",
       "          [4.6012e-01, 5.2081e-01, 1.9075e-02],\n",
       "          [6.1480e-01, 3.6606e-01, 1.9145e-02],\n",
       "          [4.0752e-01, 5.7314e-01, 1.9339e-02],\n",
       "          [6.2280e-01, 3.6197e-01, 1.5224e-02],\n",
       "          [5.1399e-01, 4.7580e-01, 1.0211e-02],\n",
       "          [8.8142e-01, 1.1284e-01, 5.7388e-03],\n",
       "          [6.0463e-01, 3.7558e-01, 1.9793e-02],\n",
       "          [5.8761e-01, 3.9687e-01, 1.5521e-02],\n",
       "          [4.8009e-01, 5.1034e-01, 9.5712e-03],\n",
       "          [4.1016e-01, 5.7075e-01, 1.9090e-02],\n",
       "          [5.8274e-01, 4.0224e-01, 1.5022e-02],\n",
       "          [7.4049e-01, 2.5921e-01, 2.9905e-04],\n",
       "          [6.5590e-01, 3.3373e-01, 1.0371e-02],\n",
       "          [8.0161e-01, 1.9585e-01, 2.5374e-03],\n",
       "          [5.4405e-01, 4.4341e-01, 1.2544e-02],\n",
       "          [5.5000e-01, 4.4486e-01, 5.1417e-03],\n",
       "          [7.3746e-01, 2.4788e-01, 1.4662e-02],\n",
       "          [4.1435e-01, 5.7768e-01, 7.9693e-03],\n",
       "          [5.6405e-01, 4.1164e-01, 2.4317e-02],\n",
       "          [4.7644e-01, 5.0401e-01, 1.9550e-02],\n",
       "          [6.8363e-01, 3.1132e-01, 5.0552e-03],\n",
       "          [6.2934e-01, 3.3856e-01, 3.2103e-02],\n",
       "          [8.1537e-01, 1.6874e-01, 1.5888e-02],\n",
       "          [4.9338e-01, 4.7748e-01, 2.9143e-02],\n",
       "          [4.4580e-01, 5.3306e-01, 2.1140e-02],\n",
       "          [5.3006e-01, 4.5205e-01, 1.7888e-02],\n",
       "          [6.6933e-01, 3.1257e-01, 1.8102e-02],\n",
       "          [4.5461e-01, 5.2603e-01, 1.9360e-02],\n",
       "          [9.0832e-01, 9.1421e-02, 2.6059e-04],\n",
       "          [5.4758e-01, 4.2629e-01, 2.6128e-02],\n",
       "          [4.1765e-01, 5.6396e-01, 1.8385e-02],\n",
       "          [5.3686e-01, 4.4430e-01, 1.8845e-02],\n",
       "          [5.9819e-01, 3.7765e-01, 2.4164e-02],\n",
       "          [4.4944e-01, 5.3618e-01, 1.4384e-02],\n",
       "          [3.1532e-01, 6.8444e-01, 2.4330e-04],\n",
       "          [4.1652e-01, 5.7002e-01, 1.3460e-02],\n",
       "          [5.1772e-01, 4.6201e-01, 2.0277e-02],\n",
       "          [5.2297e-01, 4.5780e-01, 1.9234e-02],\n",
       "          [5.7357e-01, 4.0507e-01, 2.1363e-02],\n",
       "          [6.3380e-01, 3.4871e-01, 1.7486e-02],\n",
       "          [4.4981e-01, 5.3187e-01, 1.8321e-02],\n",
       "          [6.8486e-01, 2.9306e-01, 2.2083e-02],\n",
       "          [4.4731e-01, 5.3268e-01, 2.0003e-02],\n",
       "          [5.0182e-01, 4.8044e-01, 1.7741e-02],\n",
       "          [5.5522e-01, 4.3344e-01, 1.1334e-02],\n",
       "          [4.3748e-01, 5.5303e-01, 9.4909e-03],\n",
       "          [5.9415e-01, 3.9714e-01, 8.7121e-03],\n",
       "          [5.1616e-01, 4.6192e-01, 2.1918e-02],\n",
       "          [5.1558e-01, 4.7464e-01, 9.7769e-03],\n",
       "          [5.5550e-01, 4.3216e-01, 1.2347e-02],\n",
       "          [4.5447e-01, 5.2401e-01, 2.1523e-02],\n",
       "          [7.2217e-01, 2.5908e-01, 1.8748e-02],\n",
       "          [6.1211e-01, 3.6868e-01, 1.9206e-02],\n",
       "          [4.9921e-01, 4.9033e-01, 1.0464e-02],\n",
       "          [8.8942e-01, 1.0780e-01, 2.7817e-03],\n",
       "          [4.2385e-01, 5.5758e-01, 1.8570e-02],\n",
       "          [5.2430e-01, 4.5582e-01, 1.9884e-02],\n",
       "          [3.0193e-01, 6.8913e-01, 8.9449e-03],\n",
       "          [4.2913e-01, 5.5536e-01, 1.5508e-02],\n",
       "          [8.7667e-01, 1.1651e-01, 6.8164e-03],\n",
       "          [5.0285e-01, 4.8102e-01, 1.6126e-02],\n",
       "          [4.2380e-01, 5.5748e-01, 1.8719e-02],\n",
       "          [5.0499e-01, 4.7694e-01, 1.8062e-02],\n",
       "          [3.9120e-01, 5.9380e-01, 1.5001e-02],\n",
       "          [5.9405e-01, 4.0352e-01, 2.4314e-03],\n",
       "          [6.7078e-01, 3.2175e-01, 7.4677e-03],\n",
       "          [6.0217e-01, 3.8020e-01, 1.7629e-02],\n",
       "          [8.7534e-01, 1.2278e-01, 1.8741e-03],\n",
       "          [4.1079e-01, 5.6990e-01, 1.9312e-02],\n",
       "          [6.0685e-01, 3.8420e-01, 8.9439e-03],\n",
       "          [5.3443e-01, 4.5399e-01, 1.1577e-02],\n",
       "          [5.4171e-01, 4.4014e-01, 1.8156e-02],\n",
       "          [6.3542e-01, 3.3630e-01, 2.8278e-02],\n",
       "          [6.9865e-01, 2.9943e-01, 1.9173e-03],\n",
       "          [5.0128e-01, 4.7376e-01, 2.4966e-02],\n",
       "          [6.4202e-01, 3.3979e-01, 1.8188e-02],\n",
       "          [5.4769e-01, 4.3893e-01, 1.3378e-02],\n",
       "          [6.0624e-01, 3.7726e-01, 1.6501e-02],\n",
       "          [4.2626e-01, 5.5802e-01, 1.5719e-02],\n",
       "          [5.5044e-01, 4.2792e-01, 2.1637e-02],\n",
       "          [5.0979e-01, 4.7641e-01, 1.3796e-02],\n",
       "          [4.9176e-01, 4.8894e-01, 1.9299e-02],\n",
       "          [4.3168e-01, 5.4933e-01, 1.8986e-02],\n",
       "          [7.5085e-01, 2.3831e-01, 1.0844e-02],\n",
       "          [5.5270e-01, 4.2321e-01, 2.4086e-02],\n",
       "          [5.7587e-01, 4.0414e-01, 1.9992e-02],\n",
       "          [3.5982e-01, 6.2463e-01, 1.5556e-02],\n",
       "          [4.8641e-01, 4.8528e-01, 2.8317e-02],\n",
       "          [5.8974e-01, 3.9925e-01, 1.1010e-02],\n",
       "          [4.6357e-01, 5.1773e-01, 1.8701e-02],\n",
       "          [7.2057e-01, 2.6665e-01, 1.2778e-02],\n",
       "          [6.9753e-01, 2.8442e-01, 1.8050e-02],\n",
       "          [5.9345e-01, 3.7571e-01, 3.0839e-02],\n",
       "          [5.1716e-01, 4.6164e-01, 2.1200e-02],\n",
       "          [6.5529e-01, 3.2278e-01, 2.1932e-02],\n",
       "          [4.0622e-01, 5.7465e-01, 1.9130e-02],\n",
       "          [5.9179e-01, 3.9680e-01, 1.1412e-02],\n",
       "          [5.2155e-01, 4.7239e-01, 6.0649e-03],\n",
       "          [6.1856e-01, 3.7530e-01, 6.1385e-03],\n",
       "          [3.8569e-01, 5.9923e-01, 1.5078e-02],\n",
       "          [5.1994e-01, 4.6903e-01, 1.1034e-02],\n",
       "          [4.7615e-01, 5.0989e-01, 1.3960e-02],\n",
       "          [6.2560e-01, 3.5685e-01, 1.7545e-02],\n",
       "          [5.6941e-01, 4.1192e-01, 1.8677e-02],\n",
       "          [4.2452e-01, 5.5537e-01, 2.0103e-02],\n",
       "          [6.7914e-01, 2.9800e-01, 2.2858e-02],\n",
       "          [6.1763e-01, 3.5958e-01, 2.2786e-02],\n",
       "          [5.6915e-01, 4.1592e-01, 1.4925e-02],\n",
       "          [5.3158e-01, 4.4656e-01, 2.1868e-02],\n",
       "          [7.1432e-01, 2.6172e-01, 2.3957e-02],\n",
       "          [3.8791e-01, 5.9531e-01, 1.6777e-02],\n",
       "          [4.7360e-01, 5.1003e-01, 1.6363e-02],\n",
       "          [7.1784e-01, 2.8207e-01, 9.5182e-05],\n",
       "          [6.3070e-01, 3.6362e-01, 5.6818e-03],\n",
       "          [5.2038e-01, 4.5782e-01, 2.1805e-02],\n",
       "          [6.8807e-01, 2.9770e-01, 1.4228e-02],\n",
       "          [6.3037e-01, 3.5432e-01, 1.5308e-02]], grad_fn=<CopySlices>),\n",
       "  'pd2': tensor([[9.9975e-01, 1.2415e-04, 1.2373e-04],\n",
       "          [1.0000e+00, 5.3349e-09, 5.3346e-09],\n",
       "          [9.9990e-01, 4.9991e-05, 4.9880e-05],\n",
       "          [9.9900e-01, 5.0025e-04, 4.9720e-04],\n",
       "          [9.9534e-01, 2.3412e-03, 2.3213e-03],\n",
       "          [9.9864e-01, 6.8087e-04, 6.7895e-04],\n",
       "          [9.9985e-01, 7.6025e-05, 7.5941e-05],\n",
       "          [9.9919e-01, 4.0489e-04, 4.0294e-04],\n",
       "          [9.9940e-01, 3.0177e-04, 3.0058e-04],\n",
       "          [9.9855e-01, 7.2773e-04, 7.2667e-04],\n",
       "          [9.9721e-01, 1.3952e-03, 1.3918e-03],\n",
       "          [9.9992e-01, 3.8162e-05, 3.8091e-05],\n",
       "          [9.9858e-01, 7.1054e-04, 7.0738e-04],\n",
       "          [9.9922e-01, 3.8846e-04, 3.8766e-04],\n",
       "          [9.9893e-01, 5.3765e-04, 5.3423e-04],\n",
       "          [9.9787e-01, 1.0650e-03, 1.0619e-03],\n",
       "          [1.0000e+00, 1.2221e-06, 1.2218e-06],\n",
       "          [9.9846e-01, 7.6949e-04, 7.6643e-04],\n",
       "          [9.9913e-01, 4.3550e-04, 4.3347e-04],\n",
       "          [9.9983e-01, 8.2644e-05, 8.2594e-05],\n",
       "          [9.9768e-01, 1.1659e-03, 1.1517e-03],\n",
       "          [9.9750e-01, 1.2517e-03, 1.2442e-03],\n",
       "          [9.9618e-01, 1.9145e-03, 1.9006e-03],\n",
       "          [9.9994e-01, 2.8527e-05, 2.8443e-05],\n",
       "          [1.0000e+00, 4.7284e-08, 4.7282e-08],\n",
       "          [9.9898e-01, 5.0919e-04, 5.0584e-04],\n",
       "          [1.0000e+00, 4.0304e-08, 4.0302e-08],\n",
       "          [9.9998e-01, 8.2173e-06, 8.2031e-06],\n",
       "          [9.9932e-01, 3.4055e-04, 3.4002e-04],\n",
       "          [9.9928e-01, 3.6055e-04, 3.5851e-04],\n",
       "          [9.9901e-01, 4.9371e-04, 4.9233e-04],\n",
       "          [9.9859e-01, 7.0799e-04, 7.0301e-04],\n",
       "          [9.9887e-01, 5.6552e-04, 5.6279e-04],\n",
       "          [9.9914e-01, 4.3303e-04, 4.3168e-04],\n",
       "          [9.9974e-01, 1.2990e-04, 1.2948e-04],\n",
       "          [9.9982e-01, 8.8602e-05, 8.8352e-05],\n",
       "          [9.9833e-01, 8.4077e-04, 8.3376e-04],\n",
       "          [9.9917e-01, 4.1381e-04, 4.1170e-04],\n",
       "          [9.9978e-01, 1.1009e-04, 1.0958e-04],\n",
       "          [9.9900e-01, 4.9911e-04, 4.9830e-04],\n",
       "          [9.9934e-01, 3.2959e-04, 3.2837e-04],\n",
       "          [1.0000e+00, 5.0735e-08, 5.0728e-08],\n",
       "          [9.9961e-01, 1.9748e-04, 1.9611e-04],\n",
       "          [9.9998e-01, 1.0568e-05, 1.0556e-05],\n",
       "          [9.9961e-01, 1.9770e-04, 1.9687e-04],\n",
       "          [9.9994e-01, 3.1945e-05, 3.1911e-05],\n",
       "          [9.9914e-01, 4.2948e-04, 4.2676e-04],\n",
       "          [9.9987e-01, 6.6965e-05, 6.6935e-05],\n",
       "          [9.9802e-01, 9.9055e-04, 9.8563e-04],\n",
       "          [9.9885e-01, 5.7559e-04, 5.7384e-04],\n",
       "          [9.9997e-01, 1.5776e-05, 1.5749e-05],\n",
       "          [9.9550e-01, 2.2584e-03, 2.2460e-03],\n",
       "          [9.9864e-01, 6.8187e-04, 6.7673e-04],\n",
       "          [9.9714e-01, 1.4318e-03, 1.4258e-03],\n",
       "          [9.9871e-01, 6.4718e-04, 6.4559e-04],\n",
       "          [9.9887e-01, 5.6825e-04, 5.6355e-04],\n",
       "          [9.9866e-01, 6.7382e-04, 6.6978e-04],\n",
       "          [9.9899e-01, 5.0560e-04, 5.0319e-04],\n",
       "          [1.0000e+00, 7.5069e-08, 7.5055e-08],\n",
       "          [9.9793e-01, 1.0345e-03, 1.0309e-03],\n",
       "          [9.9900e-01, 5.0193e-04, 4.9926e-04],\n",
       "          [9.9915e-01, 4.2785e-04, 4.2656e-04],\n",
       "          [9.9797e-01, 1.0198e-03, 1.0103e-03],\n",
       "          [9.9951e-01, 2.4419e-04, 2.4383e-04],\n",
       "          [1.0000e+00, 3.5907e-08, 3.5905e-08],\n",
       "          [9.9953e-01, 2.3622e-04, 2.3521e-04],\n",
       "          [9.9871e-01, 6.4837e-04, 6.4480e-04],\n",
       "          [9.9853e-01, 7.4058e-04, 7.3403e-04],\n",
       "          [9.9863e-01, 6.8589e-04, 6.8326e-04],\n",
       "          [9.9884e-01, 5.8238e-04, 5.7750e-04],\n",
       "          [9.9876e-01, 6.2400e-04, 6.1882e-04],\n",
       "          [9.9797e-01, 1.0190e-03, 1.0139e-03],\n",
       "          [9.9875e-01, 6.2442e-04, 6.2076e-04],\n",
       "          [9.9900e-01, 4.9846e-04, 4.9735e-04],\n",
       "          [9.9966e-01, 1.6763e-04, 1.6750e-04],\n",
       "          [9.9979e-01, 1.0403e-04, 1.0381e-04],\n",
       "          [9.9982e-01, 8.8136e-05, 8.7973e-05],\n",
       "          [9.9806e-01, 9.7363e-04, 9.6308e-04],\n",
       "          [9.9978e-01, 1.1014e-04, 1.0979e-04],\n",
       "          [9.9959e-01, 2.0669e-04, 2.0586e-04],\n",
       "          [9.9832e-01, 8.4040e-04, 8.3806e-04],\n",
       "          [9.9872e-01, 6.4018e-04, 6.3703e-04],\n",
       "          [9.9851e-01, 7.4701e-04, 7.3950e-04],\n",
       "          [9.9975e-01, 1.2316e-04, 1.2311e-04],\n",
       "          [9.9997e-01, 1.6625e-05, 1.6606e-05],\n",
       "          [9.9893e-01, 5.3700e-04, 5.3590e-04],\n",
       "          [9.9838e-01, 8.1077e-04, 8.0441e-04],\n",
