{
 "cells": [
  {
   "cell_type": "code",
   "execution_count": null,
   "id": "050c878a",
   "metadata": {},
   "outputs": [],
   "source": [
    "%load_ext autoreload\n",
    "%autoreload 2"
   ]
  },
  {
   "cell_type": "code",
   "execution_count": 31,
   "id": "7418d82f",
   "metadata": {},
   "outputs": [],
   "source": [
    "import numpy as np\n",
    "import pandas as pd\n",
    "import torch\n",
    "import re\n",
    "from sklearn.metrics import balanced_accuracy_score, roc_auc_score,accuracy_score,precision_recall_fscore_support\n",
    "from Constants import *\n",
    "from Preprocessing import *\n",
    "from Models import *\n",
    "import copy\n",
    "from Utils import *\n",
    "from DeepSurvivalModels import *\n",
    "pd.set_option('display.max_rows', 200)\n",
    "\n"
   ]
  },
  {
   "cell_type": "code",
   "execution_count": 3,
   "id": "c427599a",
   "metadata": {
    "scrolled": true
   },
   "outputs": [
    {
     "data": {
      "text/plain": [
       "(536, 60)"
      ]
     },
     "execution_count": 3,
     "metadata": {},
     "output_type": "execute_result"
    }
   ],
   "source": [
    "data = DTDataset(use_smote=False)\n",
    "data.processed_df.T\n",
    "data.get_input_state(1).shape\n",
    "# data.processed_df#.shape, len(data.processed_df.index.unique())"
   ]
  },
  {
   "cell_type": "code",
   "execution_count": 92,
   "id": "055e18c8",
   "metadata": {},
   "outputs": [
    {
     "data": {
      "text/html": [
       "<div>\n",
       "<style scoped>\n",
       "    .dataframe tbody tr th:only-of-type {\n",
       "        vertical-align: middle;\n",
       "    }\n",
       "\n",
       "    .dataframe tbody tr th {\n",
       "        vertical-align: top;\n",
       "    }\n",
       "\n",
       "    .dataframe thead th {\n",
       "        text-align: right;\n",
       "    }\n",
       "</style>\n",
       "<table border=\"1\" class=\"dataframe\">\n",
       "  <thead>\n",
       "    <tr style=\"text-align: right;\">\n",
       "      <th></th>\n",
       "      <th>hpv</th>\n",
       "      <th>age</th>\n",
       "      <th>packs_per_year</th>\n",
       "      <th>gender</th>\n",
       "      <th>smoking_status</th>\n",
       "      <th>Aspiration rate Pre-therapy</th>\n",
       "      <th>OS (Calculated)</th>\n",
       "      <th>Locoregional control (Time)</th>\n",
       "      <th>FDM (months)</th>\n",
       "      <th>time_to_event</th>\n",
       "      <th>...</th>\n",
       "      <th>4_ipsi</th>\n",
       "      <th>4_contra</th>\n",
       "      <th>5A_ipsi</th>\n",
       "      <th>5A_contra</th>\n",
       "      <th>5B_ipsi</th>\n",
       "      <th>5B_contra</th>\n",
       "      <th>6_ipsi</th>\n",
       "      <th>6_contra</th>\n",
       "      <th>RPLN_ipsi</th>\n",
       "      <th>RPLN_contra</th>\n",
       "    </tr>\n",
       "    <tr>\n",
       "      <th>id</th>\n",
       "      <th></th>\n",
       "      <th></th>\n",
       "      <th></th>\n",
       "      <th></th>\n",
       "      <th></th>\n",
       "      <th></th>\n",
       "      <th></th>\n",
       "      <th></th>\n",
       "      <th></th>\n",
       "      <th></th>\n",
       "      <th></th>\n",
       "      <th></th>\n",
       "      <th></th>\n",
       "      <th></th>\n",
       "      <th></th>\n",
       "      <th></th>\n",
       "      <th></th>\n",
       "      <th></th>\n",
       "      <th></th>\n",
       "      <th></th>\n",
       "      <th></th>\n",
       "    </tr>\n",
       "  </thead>\n",
       "  <tbody>\n",
       "    <tr>\n",
       "      <th>3</th>\n",
       "      <td>1</td>\n",
       "      <td>55.969444</td>\n",
       "      <td>0.0</td>\n",
       "      <td>1</td>\n",
       "      <td>0.0</td>\n",
       "      <td>0</td>\n",
       "      <td>6.033333</td>\n",
       "      <td>4.700000</td>\n",
       "      <td>6.033333</td>\n",
       "      <td>4.700000</td>\n",
       "      <td>...</td>\n",
       "      <td>0.0</td>\n",
       "      <td>0.0</td>\n",
       "      <td>0.0</td>\n",
       "      <td>0.0</td>\n",
       "      <td>0.0</td>\n",
       "      <td>0.0</td>\n",
       "      <td>0.0</td>\n",
       "      <td>0.0</td>\n",
       "      <td>0.0</td>\n",
       "      <td>0.0</td>\n",
       "    </tr>\n",
       "    <tr>\n",
       "      <th>5</th>\n",
       "      <td>0</td>\n",
       "      <td>20.950000</td>\n",
       "      <td>38.0</td>\n",
       "      <td>1</td>\n",
       "      <td>1.0</td>\n",
       "      <td>0</td>\n",
       "      <td>7.333333</td>\n",
       "      <td>7.333333</td>\n",
       "      <td>7.333333</td>\n",
       "      <td>6.000000</td>\n",
       "      <td>...</td>\n",
       "      <td>0.0</td>\n",
       "      <td>0.0</td>\n",
       "      <td>0.0</td>\n",
       "      <td>0.0</td>\n",
       "      <td>0.0</td>\n",
       "      <td>0.0</td>\n",
       "      <td>0.0</td>\n",
       "      <td>0.0</td>\n",
       "      <td>0.0</td>\n",
       "      <td>0.0</td>\n",
       "    </tr>\n",
       "    <tr>\n",
       "      <th>6</th>\n",
       "      <td>1</td>\n",
       "      <td>69.930556</td>\n",
       "      <td>35.0</td>\n",
       "      <td>0</td>\n",
       "      <td>1.0</td>\n",
       "      <td>1</td>\n",
       "      <td>7.466667</td>\n",
       "      <td>7.466667</td>\n",
       "      <td>7.466667</td>\n",
       "      <td>6.000000</td>\n",
       "      <td>...</td>\n",
       "      <td>0.0</td>\n",
       "      <td>0.0</td>\n",
       "      <td>0.0</td>\n",
       "      <td>0.0</td>\n",
       "      <td>0.0</td>\n",
       "      <td>0.0</td>\n",
       "      <td>0.0</td>\n",
       "      <td>0.0</td>\n",
       "      <td>0.0</td>\n",
       "      <td>0.0</td>\n",
       "    </tr>\n",
       "    <tr>\n",
       "      <th>7</th>\n",
       "      <td>1</td>\n",
       "      <td>72.319444</td>\n",
       "      <td>0.0</td>\n",
       "      <td>1</td>\n",
       "      <td>1.0</td>\n",
       "      <td>0</td>\n",
       "      <td>7.800000</td>\n",
       "      <td>7.800000</td>\n",
       "      <td>7.800000</td>\n",
       "      <td>6.000000</td>\n",
       "      <td>...</td>\n",
       "      <td>0.0</td>\n",
       "      <td>0.0</td>\n",
       "      <td>0.0</td>\n",
       "      <td>0.0</td>\n",
       "      <td>0.0</td>\n",
       "      <td>0.0</td>\n",
       "      <td>0.0</td>\n",
       "      <td>0.0</td>\n",
       "      <td>0.0</td>\n",
       "      <td>0.0</td>\n",
       "    </tr>\n",
       "    <tr>\n",
       "      <th>8</th>\n",
       "      <td>1</td>\n",
       "      <td>59.730556</td>\n",
       "      <td>0.0</td>\n",
       "      <td>1</td>\n",
       "      <td>0.0</td>\n",
       "      <td>0</td>\n",
       "      <td>8.066667</td>\n",
       "      <td>8.066667</td>\n",
       "      <td>8.066667</td>\n",
       "      <td>8.066667</td>\n",
       "      <td>...</td>\n",
       "      <td>0.0</td>\n",
       "      <td>0.0</td>\n",
       "      <td>0.0</td>\n",
       "      <td>0.0</td>\n",
       "      <td>0.0</td>\n",
       "      <td>0.0</td>\n",
       "      <td>0.0</td>\n",
       "      <td>0.0</td>\n",
       "      <td>0.0</td>\n",
       "      <td>0.0</td>\n",
       "    </tr>\n",
       "    <tr>\n",
       "      <th>...</th>\n",
       "      <td>...</td>\n",
       "      <td>...</td>\n",
       "      <td>...</td>\n",
       "      <td>...</td>\n",
       "      <td>...</td>\n",
       "      <td>...</td>\n",
       "      <td>...</td>\n",
       "      <td>...</td>\n",
       "      <td>...</td>\n",
       "      <td>...</td>\n",
       "      <td>...</td>\n",
       "      <td>...</td>\n",
       "      <td>...</td>\n",
       "      <td>...</td>\n",
       "      <td>...</td>\n",
       "      <td>...</td>\n",
       "      <td>...</td>\n",
       "      <td>...</td>\n",
       "      <td>...</td>\n",
       "      <td>...</td>\n",
       "      <td>...</td>\n",
       "    </tr>\n",
       "    <tr>\n",
       "      <th>10201</th>\n",
       "      <td>1</td>\n",
       "      <td>49.566667</td>\n",
       "      <td>30.0</td>\n",
       "      <td>1</td>\n",
       "      <td>1.0</td>\n",
       "      <td>0</td>\n",
       "      <td>143.200000</td>\n",
       "      <td>143.200000</td>\n",
       "      <td>143.200000</td>\n",
       "      <td>143.200000</td>\n",
       "      <td>...</td>\n",
       "      <td>0.0</td>\n",
       "      <td>0.0</td>\n",
       "      <td>0.0</td>\n",
       "      <td>0.0</td>\n",
       "      <td>0.0</td>\n",
       "      <td>0.0</td>\n",
       "      <td>0.0</td>\n",
       "      <td>0.0</td>\n",
       "      <td>0.0</td>\n",
       "      <td>0.0</td>\n",
       "    </tr>\n",
       "    <tr>\n",
       "      <th>10202</th>\n",
       "      <td>0</td>\n",
       "      <td>48.705556</td>\n",
       "      <td>30.0</td>\n",
       "      <td>1</td>\n",
       "      <td>1.0</td>\n",
       "      <td>0</td>\n",
       "      <td>144.366667</td>\n",
       "      <td>144.366667</td>\n",
       "      <td>144.366667</td>\n",
       "      <td>6.000000</td>\n",
       "      <td>...</td>\n",
       "      <td>0.0</td>\n",
       "      <td>0.0</td>\n",
       "      <td>0.0</td>\n",
       "      <td>0.0</td>\n",
       "      <td>0.0</td>\n",
       "      <td>0.0</td>\n",
       "      <td>0.0</td>\n",
       "      <td>0.0</td>\n",
       "      <td>0.0</td>\n",
       "      <td>0.0</td>\n",
       "    </tr>\n",
       "    <tr>\n",
       "      <th>10203</th>\n",
       "      <td>1</td>\n",
       "      <td>77.116667</td>\n",
       "      <td>0.0</td>\n",
       "      <td>1</td>\n",
       "      <td>0.0</td>\n",
       "      <td>0</td>\n",
       "      <td>148.366667</td>\n",
       "      <td>148.366667</td>\n",
       "      <td>136.033333</td>\n",
       "      <td>136.033333</td>\n",
       "      <td>...</td>\n",
       "      <td>0.0</td>\n",
       "      <td>0.0</td>\n",
       "      <td>0.0</td>\n",
       "      <td>0.0</td>\n",
       "      <td>0.0</td>\n",
       "      <td>0.0</td>\n",
       "      <td>0.0</td>\n",
       "      <td>0.0</td>\n",
       "      <td>0.0</td>\n",
       "      <td>0.0</td>\n",
       "    </tr>\n",
       "    <tr>\n",
       "      <th>10204</th>\n",
       "      <td>0</td>\n",
       "      <td>45.950000</td>\n",
       "      <td>5.0</td>\n",
       "      <td>1</td>\n",
       "      <td>0.5</td>\n",
       "      <td>0</td>\n",
       "      <td>152.600000</td>\n",
       "      <td>152.600000</td>\n",
       "      <td>152.600000</td>\n",
       "      <td>152.600000</td>\n",
       "      <td>...</td>\n",
       "      <td>0.0</td>\n",
       "      <td>0.0</td>\n",
       "      <td>0.0</td>\n",
       "      <td>0.0</td>\n",
       "      <td>0.0</td>\n",
       "      <td>0.0</td>\n",
       "      <td>0.0</td>\n",
       "      <td>0.0</td>\n",
       "      <td>0.0</td>\n",
       "      <td>0.0</td>\n",
       "    </tr>\n",
       "    <tr>\n",
       "      <th>10205</th>\n",
       "      <td>1</td>\n",
       "      <td>49.733333</td>\n",
       "      <td>0.0</td>\n",
       "      <td>1</td>\n",
       "      <td>0.0</td>\n",
       "      <td>0</td>\n",
       "      <td>155.533333</td>\n",
       "      <td>155.533333</td>\n",
       "      <td>155.533333</td>\n",
       "      <td>155.533333</td>\n",
       "      <td>...</td>\n",
       "      <td>0.0</td>\n",
       "      <td>0.0</td>\n",
       "      <td>0.0</td>\n",
       "      <td>0.0</td>\n",
       "      <td>0.0</td>\n",
       "      <td>0.0</td>\n",
       "      <td>0.0</td>\n",
       "      <td>0.0</td>\n",
       "      <td>0.0</td>\n",
       "      <td>0.0</td>\n",
       "    </tr>\n",
       "  </tbody>\n",
       "</table>\n",
       "<p>536 rows × 108 columns</p>\n",
       "</div>"
      ],
      "text/plain": [
       "       hpv        age  packs_per_year  gender  smoking_status  \\\n",
       "id                                                              \n",
       "3        1  55.969444             0.0       1             0.0   \n",
       "5        0  20.950000            38.0       1             1.0   \n",
       "6        1  69.930556            35.0       0             1.0   \n",
       "7        1  72.319444             0.0       1             1.0   \n",
       "8        1  59.730556             0.0       1             0.0   \n",
       "...    ...        ...             ...     ...             ...   \n",
       "10201    1  49.566667            30.0       1             1.0   \n",
       "10202    0  48.705556            30.0       1             1.0   \n",
       "10203    1  77.116667             0.0       1             0.0   \n",
       "10204    0  45.950000             5.0       1             0.5   \n",
       "10205    1  49.733333             0.0       1             0.0   \n",
       "\n",
       "       Aspiration rate Pre-therapy  OS (Calculated)  \\\n",
       "id                                                    \n",
       "3                                0         6.033333   \n",
       "5                                0         7.333333   \n",
       "6                                1         7.466667   \n",
       "7                                0         7.800000   \n",
       "8                                0         8.066667   \n",
       "...                            ...              ...   \n",
       "10201                            0       143.200000   \n",
       "10202                            0       144.366667   \n",
       "10203                            0       148.366667   \n",
       "10204                            0       152.600000   \n",
       "10205                            0       155.533333   \n",
       "\n",
       "       Locoregional control (Time)  FDM (months)  time_to_event  ...  4_ipsi  \\\n",
       "id                                                               ...           \n",
       "3                         4.700000      6.033333       4.700000  ...     0.0   \n",
       "5                         7.333333      7.333333       6.000000  ...     0.0   \n",
       "6                         7.466667      7.466667       6.000000  ...     0.0   \n",
       "7                         7.800000      7.800000       6.000000  ...     0.0   \n",
       "8                         8.066667      8.066667       8.066667  ...     0.0   \n",
       "...                            ...           ...            ...  ...     ...   \n",
       "10201                   143.200000    143.200000     143.200000  ...     0.0   \n",
       "10202                   144.366667    144.366667       6.000000  ...     0.0   \n",
       "10203                   148.366667    136.033333     136.033333  ...     0.0   \n",
       "10204                   152.600000    152.600000     152.600000  ...     0.0   \n",
       "10205                   155.533333    155.533333     155.533333  ...     0.0   \n",
       "\n",
       "       4_contra  5A_ipsi  5A_contra  5B_ipsi  5B_contra  6_ipsi  6_contra  \\\n",
       "id                                                                          \n",
       "3           0.0      0.0        0.0      0.0        0.0     0.0       0.0   \n",
       "5           0.0      0.0        0.0      0.0        0.0     0.0       0.0   \n",
       "6           0.0      0.0        0.0      0.0        0.0     0.0       0.0   \n",
       "7           0.0      0.0        0.0      0.0        0.0     0.0       0.0   \n",
       "8           0.0      0.0        0.0      0.0        0.0     0.0       0.0   \n",
       "...         ...      ...        ...      ...        ...     ...       ...   \n",
       "10201       0.0      0.0        0.0      0.0        0.0     0.0       0.0   \n",
       "10202       0.0      0.0        0.0      0.0        0.0     0.0       0.0   \n",
       "10203       0.0      0.0        0.0      0.0        0.0     0.0       0.0   \n",
       "10204       0.0      0.0        0.0      0.0        0.0     0.0       0.0   \n",
       "10205       0.0      0.0        0.0      0.0        0.0     0.0       0.0   \n",
       "\n",
       "       RPLN_ipsi  RPLN_contra  \n",
       "id                             \n",
       "3            0.0          0.0  \n",
       "5            0.0          0.0  \n",
       "6            0.0          0.0  \n",
       "7            0.0          0.0  \n",
       "8            0.0          0.0  \n",
       "...          ...          ...  \n",
       "10201        0.0          0.0  \n",
       "10202        0.0          0.0  \n",
       "10203        0.0          0.0  \n",
       "10204        0.0          0.0  \n",
       "10205        0.0          0.0  \n",
       "\n",
       "[536 rows x 108 columns]"
      ]
     },
     "execution_count": 92,
     "metadata": {},
     "output_type": "execute_result"
    }
   ],
   "source": [
    "data.processed_df"
   ]
  },
  {
   "cell_type": "code",
   "execution_count": 70,
   "id": "f2937b08",
   "metadata": {},
   "outputs": [
    {
     "data": {
      "text/plain": [
       "DSM(\n",
       "  (act): Tanh()\n",
       "  (shape): ParameterList(\n",
       "      (0): Parameter containing: [torch.float32 of size 6]\n",
       "      (1): Parameter containing: [torch.float32 of size 6]\n",
       "      (2): Parameter containing: [torch.float32 of size 6]\n",
       "      (3): Parameter containing: [torch.float32 of size 6]\n",
       "  )\n",
       "  (scale): ParameterList(\n",
       "      (0): Parameter containing: [torch.float32 of size 6]\n",
       "      (1): Parameter containing: [torch.float32 of size 6]\n",
       "      (2): Parameter containing: [torch.float32 of size 6]\n",
       "      (3): Parameter containing: [torch.float32 of size 6]\n",
       "  )\n",
       "  (gate): ModuleList(\n",
       "    (0-3): 4 x Sequential(\n",
       "      (0): Linear(in_features=103, out_features=6, bias=False)\n",
       "    )\n",
       "  )\n",
       "  (scaleg): ModuleList(\n",
       "    (0-3): 4 x Sequential(\n",
       "      (0): Linear(in_features=103, out_features=6, bias=True)\n",
       "    )\n",
       "  )\n",
       "  (shapeg): ModuleList(\n",
       "    (0-3): 4 x Sequential(\n",
       "      (0): Linear(in_features=103, out_features=6, bias=False)\n",
       "    )\n",
       "  )\n",
       "  (embedding): Sequential(\n",
       "    (0): Linear(in_features=77, out_features=100, bias=False)\n",
       "    (1): Tanh()\n",
       "  )\n",
       "  (input_dropout): Dropout(p=0.1, inplace=False)\n",
       "  (embedding_dropout): Dropout(p=0.5, inplace=False)\n",
       "  (squish): LogSoftmax(dim=1)\n",
       ")"
      ]
     },
     "execution_count": 70,
     "metadata": {},
     "output_type": "execute_result"
    }
   ],
   "source": [
    "from Utils import *\n",
    "model1,model2,model3,smodel3 = load_transition_models()\n",
    "smodel3"
   ]
  },
  {
   "cell_type": "code",
   "execution_count": 5,
   "id": "b29d259b",
   "metadata": {},
   "outputs": [
    {
     "name": "stdout",
     "output_type": "stream",
     "text": [
      "tensor([146.,  16.,   4.]) 147\n"
     ]
    },
    {
     "data": {
      "text/plain": [
       "(tensor([[1., 0., 0.],\n",
       "         [1., 0., 1.],\n",
       "         [1., 0., 0.],\n",
       "         [1., 0., 0.],\n",
       "         [1., 0., 0.],\n",
       "         [1., 0., 0.],\n",
       "         [1., 0., 0.],\n",
       "         [1., 0., 0.],\n",
       "         [1., 0., 0.],\n",
       "         [1., 0., 0.],\n",
       "         [1., 0., 0.],\n",
       "         [1., 0., 0.],\n",
       "         [1., 0., 0.],\n",
       "         [1., 0., 0.],\n",
       "         [1., 0., 0.],\n",
       "         [1., 0., 0.],\n",
       "         [1., 1., 0.],\n",
       "         [1., 0., 0.],\n",
       "         [1., 0., 0.],\n",
       "         [1., 0., 0.],\n",
       "         [1., 0., 0.],\n",
       "         [1., 0., 0.],\n",
       "         [1., 0., 0.],\n",
       "         [1., 1., 0.],\n",
       "         [1., 0., 0.],\n",
       "         [1., 0., 0.],\n",
       "         [1., 0., 0.],\n",
       "         [1., 0., 0.],\n",
       "         [1., 0., 0.],\n",
       "         [1., 0., 0.],\n",
       "         [1., 0., 0.],\n",
       "         [1., 0., 0.],\n",
       "         [1., 0., 0.],\n",
       "         [1., 0., 0.],\n",
       "         [1., 0., 0.],\n",
       "         [1., 1., 0.],\n",
       "         [1., 0., 0.],\n",
       "         [1., 1., 0.],\n",
       "         [1., 1., 0.],\n",
       "         [1., 0., 0.],\n",
       "         [1., 0., 0.],\n",
       "         [1., 0., 0.],\n",
       "         [1., 0., 0.],\n",
       "         [1., 1., 0.],\n",
       "         [1., 0., 0.],\n",
       "         [1., 0., 0.],\n",
       "         [1., 0., 0.],\n",
       "         [1., 0., 0.],\n",
       "         [1., 0., 0.],\n",
       "         [1., 0., 0.],\n",
       "         [1., 0., 1.],\n",
       "         [1., 0., 0.],\n",
       "         [1., 0., 0.],\n",
       "         [1., 0., 0.],\n",
       "         [1., 0., 0.],\n",
       "         [1., 1., 0.],\n",
       "         [1., 0., 0.],\n",
       "         [1., 0., 0.],\n",
       "         [1., 0., 1.],\n",
       "         [1., 0., 0.],\n",
       "         [1., 0., 0.],\n",
       "         [1., 0., 0.],\n",
       "         [1., 1., 0.],\n",
       "         [1., 0., 0.],\n",
       "         [1., 0., 0.],\n",
       "         [1., 0., 0.],\n",
       "         [1., 0., 0.],\n",
       "         [1., 0., 0.],\n",
       "         [1., 0., 0.],\n",
       "         [1., 0., 0.],\n",
       "         [1., 0., 0.],\n",
       "         [1., 0., 0.],\n",
       "         [1., 0., 0.],\n",
       "         [1., 0., 0.],\n",
       "         [1., 1., 0.],\n",
       "         [1., 1., 0.],\n",
       "         [1., 0., 0.],\n",
       "         [1., 0., 0.],\n",
       "         [1., 0., 0.],\n",
       "         [1., 0., 0.],\n",
       "         [1., 0., 0.],\n",
       "         [1., 0., 0.],\n",
       "         [1., 0., 0.],\n",
       "         [1., 0., 0.],\n",
       "         [1., 0., 0.],\n",
       "         [1., 0., 0.],\n",
       "         [1., 0., 0.],\n",
       "         [1., 0., 0.],\n",
       "         [1., 0., 0.],\n",
       "         [1., 0., 0.],\n",
       "         [1., 0., 0.],\n",
       "         [1., 0., 0.],\n",
       "         [1., 0., 0.],\n",
       "         [1., 0., 0.],\n",
       "         [1., 0., 0.],\n",
       "         [0., 1., 0.],\n",
       "         [1., 0., 0.],\n",
       "         [1., 0., 0.],\n",
       "         [1., 0., 0.],\n",
       "         [1., 0., 0.],\n",
       "         [1., 0., 0.],\n",
       "         [1., 0., 0.],\n",
       "         [1., 0., 0.],\n",
       "         [1., 1., 0.],\n",
       "         [1., 0., 0.],\n",
       "         [1., 0., 0.],\n",
       "         [1., 0., 0.],\n",
       "         [1., 0., 0.],\n",
       "         [1., 0., 0.],\n",
       "         [1., 0., 0.],\n",
       "         [1., 0., 0.],\n",
       "         [1., 0., 0.],\n",
       "         [1., 0., 0.],\n",
       "         [1., 0., 0.],\n",
       "         [1., 0., 0.],\n",
       "         [1., 0., 0.],\n",
       "         [1., 0., 0.],\n",
       "         [1., 0., 0.],\n",
       "         [1., 0., 0.],\n",
       "         [1., 0., 0.],\n",
       "         [1., 0., 0.],\n",
       "         [1., 0., 0.],\n",
       "         [1., 0., 0.],\n",
       "         [1., 0., 0.],\n",
       "         [1., 0., 0.],\n",
       "         [1., 0., 0.],\n",
       "         [1., 0., 0.],\n",
       "         [1., 0., 0.],\n",
       "         [1., 1., 0.],\n",
       "         [1., 0., 0.],\n",
       "         [1., 0., 0.],\n",
       "         [1., 0., 0.],\n",
       "         [1., 1., 0.],\n",
       "         [1., 0., 0.],\n",
       "         [1., 0., 0.],\n",
       "         [1., 0., 0.],\n",
       "         [1., 0., 0.],\n",
       "         [1., 0., 0.],\n",
       "         [1., 1., 0.],\n",
       "         [1., 0., 0.],\n",
       "         [1., 0., 0.],\n",
       "         [1., 0., 0.],\n",
       "         [1., 0., 1.],\n",
       "         [1., 0., 0.],\n",
       "         [1., 1., 0.],\n",
       "         [1., 0., 0.],\n",
       "         [1., 0., 0.]]),\n",
       " {'pd1': tensor([[6.7318e-01, 3.2682e-01, 5.8590e-22],\n",
       "          [9.3988e-01, 5.9272e-02, 8.4541e-04],\n",
       "          [1.2919e-02, 9.8485e-01, 2.2295e-03],\n",
       "          [1.1029e-01, 8.7445e-01, 1.5256e-02],\n",
       "          [8.5421e-01, 1.3026e-01, 1.5534e-02],\n",
       "          [4.2654e-01, 5.4939e-01, 2.4075e-02],\n",
       "          [6.4758e-01, 3.4076e-01, 1.1656e-02],\n",
       "          [6.5080e-01, 3.2673e-01, 2.2471e-02],\n",
       "          [5.9006e-01, 3.8479e-01, 2.5148e-02],\n",
       "          [4.9648e-01, 4.7491e-01, 2.8615e-02],\n",
       "          [8.1444e-01, 1.6375e-01, 2.1807e-02],\n",
       "          [7.3776e-01, 2.5254e-01, 9.6972e-03],\n",
       "          [6.5491e-01, 3.1795e-01, 2.7136e-02],\n",
       "          [5.1371e-01, 4.6883e-01, 1.7463e-02],\n",
       "          [5.5453e-01, 4.2060e-01, 2.4868e-02],\n",
       "          [7.4511e-01, 2.2689e-01, 2.8007e-02],\n",
       "          [2.7420e-02, 9.7177e-01, 8.0629e-04],\n",
       "          [7.2435e-01, 2.5914e-01, 1.6511e-02],\n",
       "          [9.0802e-01, 7.7134e-02, 1.4848e-02],\n",
       "          [9.3864e-01, 5.2869e-02, 8.4873e-03],\n",
       "          [3.4033e-01, 6.4235e-01, 1.7317e-02],\n",
       "          [7.4185e-01, 2.3001e-01, 2.8133e-02],\n",
       "          [7.3786e-01, 2.3873e-01, 2.3411e-02],\n",
       "          [7.2180e-02, 9.2585e-01, 1.9749e-03],\n",
       "          [9.9884e-01, 1.1580e-03, 7.4312e-22],\n",
       "          [5.6175e-01, 4.1420e-01, 2.4043e-02],\n",
       "          [9.9892e-01, 1.0830e-03, 8.3653e-22],\n",
       "          [8.3967e-01, 1.5297e-01, 7.3588e-03],\n",
       "          [5.4546e-01, 4.3240e-01, 2.2138e-02],\n",
       "          [3.7540e-01, 6.0095e-01, 2.3653e-02],\n",
       "          [8.7546e-01, 1.0834e-01, 1.6203e-02],\n",
       "          [8.8863e-01, 9.6602e-02, 1.4767e-02],\n",
       "          [8.8950e-01, 9.2636e-02, 1.7864e-02],\n",
       "          [9.0147e-01, 8.7188e-02, 1.1346e-02],\n",
       "          [7.5416e-01, 2.2808e-01, 1.7760e-02],\n",
       "          [1.2671e-01, 8.7329e-01, 4.6933e-22],\n",
       "          [7.6680e-01, 2.1596e-01, 1.7237e-02],\n",
       "          [8.7252e-01, 1.1431e-01, 1.3174e-02],\n",
       "          [6.4599e-01, 3.3760e-01, 1.6414e-02],\n",
       "          [3.3265e-01, 6.4877e-01, 1.8583e-02],\n",
       "          [7.5120e-01, 2.2983e-01, 1.8966e-02],\n",
       "          [1.8793e-01, 8.1052e-01, 1.5558e-03],\n",
       "          [2.0152e-01, 7.8518e-01, 1.3296e-02],\n",
       "          [8.6762e-02, 9.0837e-01, 4.8714e-03],\n",
       "          [6.3669e-01, 3.3809e-01, 2.5224e-02],\n",
       "          [1.4123e-01, 8.5219e-01, 6.5796e-03],\n",
       "          [5.8503e-01, 3.9455e-01, 2.0418e-02],\n",
       "          [8.8491e-01, 1.0425e-01, 1.0839e-02],\n",
       "          [9.3565e-01, 5.3778e-02, 1.0567e-02],\n",
       "          [5.8665e-01, 3.8460e-01, 2.8757e-02],\n",
       "          [7.8799e-01, 2.0369e-01, 8.3182e-03],\n",
       "          [8.0899e-01, 1.6896e-01, 2.2048e-02],\n",
       "          [3.6580e-01, 6.1280e-01, 2.1395e-02],\n",
       "          [6.1920e-01, 3.5086e-01, 2.9947e-02],\n",
       "          [3.6341e-01, 6.1276e-01, 2.3829e-02],\n",
       "          [1.2609e-01, 8.5833e-01, 1.5585e-02],\n",
       "          [6.0102e-01, 3.7835e-01, 2.0635e-02],\n",
       "          [4.8684e-01, 4.7818e-01, 3.4984e-02],\n",
       "          [5.3761e-01, 4.6074e-01, 1.6541e-03],\n",
       "          [7.6098e-01, 2.2221e-01, 1.6812e-02],\n",
       "          [8.5875e-01, 1.2090e-01, 2.0357e-02],\n",
       "          [8.2852e-01, 1.5034e-01, 2.1133e-02],\n",
       "          [8.2701e-01, 1.5614e-01, 1.6851e-02],\n",
       "          [9.2152e-01, 6.7731e-02, 1.0747e-02],\n",
       "          [9.9925e-01, 7.4842e-04, 6.4384e-22],\n",
       "          [6.8083e-01, 2.9835e-01, 2.0823e-02],\n",
       "          [7.8192e-01, 1.9444e-01, 2.3635e-02],\n",
       "          [4.3046e-01, 5.4833e-01, 2.1206e-02],\n",
       "          [8.9565e-01, 9.2032e-02, 1.2323e-02],\n",
       "          [8.5030e-01, 1.3350e-01, 1.6194e-02],\n",
       "          [1.3801e-01, 8.4911e-01, 1.2882e-02],\n",
       "          [8.3674e-01, 1.4401e-01, 1.9246e-02],\n",
       "          [8.7217e-01, 1.0867e-01, 1.9162e-02],\n",
       "          [8.3516e-01, 1.4346e-01, 2.1376e-02],\n",
       "          [5.2675e-01, 4.6423e-01, 9.0153e-03],\n",
       "          [4.5767e-01, 5.2786e-01, 1.4474e-02],\n",
       "          [8.6534e-03, 9.8927e-01, 2.0789e-03],\n",
       "          [1.1483e-01, 8.7161e-01, 1.3556e-02],\n",
       "          [1.9710e-01, 7.8690e-01, 1.5996e-02],\n",
       "          [4.8118e-01, 4.9578e-01, 2.3046e-02],\n",
       "          [4.5660e-01, 5.1849e-01, 2.4912e-02],\n",
       "          [6.4916e-01, 3.2271e-01, 2.8134e-02],\n",
       "          [5.2528e-01, 4.5513e-01, 1.9588e-02],\n",
       "          [9.4646e-01, 4.5911e-02, 7.6294e-03],\n",
       "          [8.7629e-01, 1.1869e-01, 5.0177e-03],\n",
       "          [7.3631e-01, 2.4368e-01, 2.0012e-02],\n",
       "          [6.7464e-01, 3.0488e-01, 2.0483e-02],\n",
       "          [5.0547e-01, 4.8171e-01, 1.2825e-02],\n",
       "          [7.7858e-01, 2.0146e-01, 1.9964e-02],\n",
       "          [5.4644e-01, 4.5356e-01, 6.2059e-22],\n",
       "          [7.7127e-01, 2.0630e-01, 2.2434e-02],\n",
       "          [7.4584e-01, 2.3483e-01, 1.9324e-02],\n",
       "          [5.7910e-01, 3.9601e-01, 2.4897e-02],\n",
       "          [7.0343e-01, 2.7499e-01, 2.1572e-02],\n",
       "          [1.2798e-01, 8.6133e-01, 1.0694e-02],\n",
       "          [0.0000e+00, 0.0000e+00, 3.3333e-01],\n",
       "          [8.0616e-01, 1.7812e-01, 1.5719e-02],\n",
       "          [6.1121e-02, 9.3578e-01, 3.0944e-03],\n",
       "          [8.9878e-01, 8.4604e-02, 1.6611e-02],\n",
       "          [6.2310e-02, 9.3001e-01, 7.6761e-03],\n",
       "          [3.7231e-01, 6.1035e-01, 1.7339e-02],\n",
       "          [8.2550e-01, 1.6094e-01, 1.3560e-02],\n",
       "          [8.9300e-01, 9.2479e-02, 1.4517e-02],\n",
       "          [7.6269e-02, 9.1899e-01, 4.7406e-03],\n",
       "          [6.6102e-01, 3.1312e-01, 2.5855e-02],\n",
       "          [7.4111e-01, 2.3656e-01, 2.2337e-02],\n",
       "          [8.0159e-01, 1.8180e-01, 1.6612e-02],\n",
       "          [6.3892e-01, 3.3980e-01, 2.1284e-02],\n",
       "          [7.0327e-01, 2.8034e-01, 1.6391e-02],\n",
       "          [4.6433e-01, 5.1134e-01, 2.4333e-02],\n",
       "          [1.8338e-01, 8.0198e-01, 1.4641e-02],\n",
       "          [7.9384e-01, 1.8231e-01, 2.3855e-02],\n",
       "          [5.8849e-01, 3.8207e-01, 2.9445e-02],\n",
       "          [4.4252e-01, 5.3518e-01, 2.2294e-02],\n",
       "          [8.2429e-01, 1.5796e-01, 1.7753e-02],\n",
       "          [7.1067e-01, 2.6505e-01, 2.4281e-02],\n",
       "          [7.5360e-01, 2.2591e-01, 2.0485e-02],\n",
       "          [6.2074e-01, 3.5239e-01, 2.6873e-02],\n",
       "          [8.8286e-01, 1.0856e-01, 8.5853e-03],\n",
       "          [1.5911e-01, 8.2600e-01, 1.4889e-02],\n",
       "          [8.5441e-01, 1.3072e-01, 1.4865e-02],\n",
       "          [5.1071e-01, 4.6539e-01, 2.3900e-02],\n",
       "          [8.4349e-01, 1.3878e-01, 1.7735e-02],\n",
       "          [6.1096e-01, 3.5766e-01, 3.1387e-02],\n",
       "          [8.5571e-01, 1.2781e-01, 1.6481e-02],\n",
       "          [8.9367e-01, 8.8965e-02, 1.7368e-02],\n",
       "          [2.0745e-01, 7.8258e-01, 9.9721e-03],\n",
       "          [3.6775e-01, 6.1908e-01, 1.3177e-02],\n",
       "          [6.5036e-01, 3.4194e-01, 7.7028e-03],\n",
       "          [8.9733e-01, 8.8371e-02, 1.4304e-02],\n",
       "          [6.4056e-01, 3.4410e-01, 1.5335e-02],\n",
       "          [2.9608e-01, 6.8419e-01, 1.9729e-02],\n",
       "          [6.1413e-01, 3.6509e-01, 2.0773e-02],\n",
       "          [8.1471e-01, 1.6739e-01, 1.7905e-02],\n",
       "          [8.2344e-01, 1.5428e-01, 2.2278e-02],\n",
       "          [8.2378e-01, 1.5746e-01, 1.8765e-02],\n",
       "          [4.3167e-01, 5.4478e-01, 2.3552e-02],\n",
       "          [8.2811e-01, 1.5528e-01, 1.6611e-02],\n",
       "          [7.2032e-01, 2.6015e-01, 1.9532e-02],\n",
       "          [7.9557e-01, 1.8590e-01, 1.8536e-02],\n",
       "          [2.8500e-01, 6.9271e-01, 2.2288e-02],\n",
       "          [1.7972e-01, 7.9583e-01, 2.4447e-02],\n",
       "          [9.7909e-01, 2.0167e-02, 7.4233e-04],\n",
       "          [7.2675e-01, 2.6516e-01, 8.0871e-03],\n",
       "          [3.9492e-01, 5.8505e-01, 2.0028e-02],\n",
       "          [5.7882e-01, 3.9772e-01, 2.3465e-02],\n",
       "          [6.9767e-01, 2.8013e-01, 2.2202e-02]], grad_fn=<CopySlices>),\n",
       "  'nd1': tensor([[7.7810e-35, 1.0000e+00, 7.7810e-35],\n",
       "          [1.1151e-04, 9.9978e-01, 1.0903e-04],\n",
       "          [2.4233e-03, 9.9525e-01, 2.3273e-03],\n",
       "          [8.0152e-03, 9.8420e-01, 7.7842e-03],\n",
       "          [7.8510e-03, 9.8457e-01, 7.5795e-03],\n",
       "          [6.1962e-03, 9.8758e-01, 6.2248e-03],\n",
       "          [2.5433e-03, 9.9502e-01, 2.4389e-03],\n",
       "          [6.2721e-03, 9.8745e-01, 6.2771e-03],\n",
       "          [6.5673e-03, 9.8702e-01, 6.4152e-03],\n",
       "          [1.0117e-02, 9.7983e-01, 1.0054e-02],\n",
       "          [8.6676e-03, 9.8280e-01, 8.5285e-03],\n",
       "          [1.2819e-03, 9.9749e-01, 1.2310e-03],\n",
       "          [9.1765e-03, 9.8188e-01, 8.9391e-03],\n",
       "          [4.4518e-03, 9.9104e-01, 4.5110e-03],\n",
       "          [9.6735e-03, 9.8074e-01, 9.5829e-03],\n",
       "          [9.0634e-03, 9.8208e-01, 8.8567e-03],\n",
       "          [2.0306e-04, 9.9960e-01, 2.0055e-04],\n",
       "          [6.7235e-03, 9.8661e-01, 6.6624e-03],\n",
       "          [9.0256e-03, 9.8213e-01, 8.8481e-03],\n",
       "          [4.9388e-03, 9.9029e-01, 4.7715e-03],\n",
       "          [5.4027e-03, 9.8925e-01, 5.3500e-03],\n",
       "          [9.0739e-03, 9.8206e-01, 8.8639e-03],\n",
       "          [9.9618e-03, 9.8019e-01, 9.8472e-03],\n",
       "          [4.8694e-04, 9.9903e-01, 4.8151e-04],\n",
       "          [1.1892e-33, 1.0000e+00, 1.1892e-33],\n",
       "          [6.2107e-03, 9.8771e-01, 6.0759e-03],\n",
       "          [1.4805e-33, 1.0000e+00, 1.4805e-33],\n",
       "          [1.5732e-03, 9.9689e-01, 1.5321e-03],\n",
       "          [6.6023e-03, 9.8697e-01, 6.4320e-03],\n",
       "          [6.6379e-03, 9.8664e-01, 6.7239e-03],\n",
       "          [8.1852e-03, 9.8362e-01, 8.1974e-03],\n",
       "          [1.0244e-02, 9.7982e-01, 9.9368e-03],\n",
       "          [1.0343e-02, 9.7956e-01, 1.0102e-02],\n",
       "          [5.0646e-03, 9.8994e-01, 4.9981e-03],\n",
       "          [5.4966e-03, 9.8909e-01, 5.4174e-03],\n",
       "          [1.2064e-34, 1.0000e+00, 1.2064e-34],\n",
       "          [7.0699e-03, 9.8619e-01, 6.7401e-03],\n",
       "          [6.5413e-03, 9.8697e-01, 6.4859e-03],\n",
       "          [6.0258e-03, 9.8817e-01, 5.8081e-03],\n",
       "          [4.9087e-03, 9.9011e-01, 4.9817e-03],\n",
       "          [9.1338e-03, 9.8162e-01, 9.2436e-03],\n",
       "          [1.0830e-04, 9.9979e-01, 1.0626e-04],\n",
       "          [4.9122e-03, 9.9033e-01, 4.7555e-03],\n",
       "          [1.2123e-03, 9.9765e-01, 1.1416e-03],\n",
       "          [7.4349e-03, 9.8513e-01, 7.4333e-03],\n",
       "          [1.6311e-03, 9.9673e-01, 1.6343e-03],\n",
       "          [5.9511e-03, 9.8819e-01, 5.8563e-03],\n",
       "          [4.2879e-03, 9.9154e-01, 4.1703e-03],\n",
       "          [9.5426e-03, 9.8105e-01, 9.4115e-03],\n",
       "          [8.1513e-03, 9.8375e-01, 8.0952e-03],\n",
       "          [1.9914e-03, 9.9609e-01, 1.9218e-03],\n",
       "          [1.2042e-02, 9.7607e-01, 1.1884e-02],\n",
       "          [5.1764e-03, 9.8985e-01, 4.9740e-03],\n",
       "          [1.0493e-02, 9.7911e-01, 1.0399e-02],\n",
       "          [6.7667e-03, 9.8638e-01, 6.8560e-03],\n",
       "          [1.0717e-02, 9.7905e-01, 1.0234e-02],\n",
       "          [7.5030e-03, 9.8516e-01, 7.3395e-03],\n",
       "          [1.3420e-02, 9.7341e-01, 1.3172e-02],\n",
       "          [8.7103e-05, 9.9983e-01, 8.3449e-05],\n",
       "          [7.2224e-03, 9.8550e-01, 7.2826e-03],\n",
       "          [1.1027e-02, 9.7812e-01, 1.0849e-02],\n",
       "          [1.2985e-02, 9.7424e-01, 1.2776e-02],\n",
       "          [8.1485e-03, 9.8378e-01, 8.0724e-03],\n",
       "          [4.7459e-03, 9.9059e-01, 4.6612e-03],\n",
       "          [1.6154e-33, 1.0000e+00, 1.6154e-33],\n",
       "          [6.7155e-03, 9.8650e-01, 6.7891e-03],\n",
       "          [9.4175e-03, 9.8136e-01, 9.2259e-03],\n",
       "          [7.3345e-03, 9.8579e-01, 6.8741e-03],\n",
       "          [7.4850e-03, 9.8503e-01, 7.4865e-03],\n",
       "          [8.1420e-03, 9.8388e-01, 7.9738e-03],\n",
       "          [6.3003e-03, 9.8777e-01, 5.9282e-03],\n",
       "          [8.2408e-03, 9.8371e-01, 8.0518e-03],\n",
       "          [1.0199e-02, 9.7988e-01, 9.9162e-03],\n",
       "          [7.2160e-03, 9.8576e-01, 7.0250e-03],\n",
       "          [1.7469e-03, 9.9656e-01, 1.6974e-03],\n",
       "          [3.3275e-03, 9.9338e-01, 3.2907e-03],\n",
       "          [2.3040e-03, 9.9550e-01, 2.1936e-03],\n",
       "          [8.9800e-03, 9.8257e-01, 8.4548e-03],\n",
       "          [5.6299e-03, 9.8905e-01, 5.3151e-03],\n",
       "          [6.0891e-03, 9.8804e-01, 5.8731e-03],\n",
       "          [6.6541e-03, 9.8667e-01, 6.6736e-03],\n",
       "          [8.9738e-03, 9.8248e-01, 8.5498e-03],\n",
       "          [7.3889e-03, 9.8550e-01, 7.1072e-03],\n",
       "          [4.5110e-03, 9.9114e-01, 4.3525e-03],\n",
       "          [9.1529e-04, 9.9819e-01, 8.9216e-04],\n",
       "          [5.7621e-03, 9.8851e-01, 5.7303e-03],\n",
       "          [5.5180e-03, 9.8919e-01, 5.2887e-03],\n",
       "          [2.6195e-03, 9.9481e-01, 2.5681e-03],\n",
       "          [7.0497e-03, 9.8592e-01, 7.0341e-03],\n",
       "          [8.1320e-35, 1.0000e+00, 8.1320e-35],\n",
       "          [6.6450e-03, 9.8691e-01, 6.4486e-03],\n",
       "          [5.5789e-03, 9.8888e-01, 5.5447e-03],\n",
       "          [1.0434e-02, 9.7966e-01, 9.9068e-03],\n",
       "          [6.2711e-03, 9.8744e-01, 6.2864e-03],\n",
       "          [5.5078e-03, 9.8908e-01, 5.4169e-03],\n",
       "          [0.0000e+00, 0.0000e+00, 3.3333e-01],\n",
       "          [8.5472e-03, 9.8309e-01, 8.3581e-03],\n",
       "          [1.2219e-03, 9.9759e-01, 1.1845e-03],\n",
       "          [9.9881e-03, 9.8023e-01, 9.7783e-03],\n",
       "          [4.2633e-03, 9.9164e-01, 4.0994e-03],\n",
       "          [5.8488e-03, 9.8834e-01, 5.8148e-03],\n",
       "          [7.6075e-03, 9.8459e-01, 7.8018e-03],\n",
       "          [1.0215e-02, 9.7987e-01, 9.9129e-03],\n",
       "          [1.7928e-03, 9.9648e-01, 1.7296e-03],\n",
       "          [8.9397e-03, 9.8215e-01, 8.9082e-03],\n",
       "          [8.9380e-03, 9.8218e-01, 8.8850e-03],\n",
       "          [8.0024e-03, 9.8400e-01, 8.0000e-03],\n",
       "          [5.9382e-03, 9.8827e-01, 5.7942e-03],\n",
       "          [3.8827e-03, 9.9224e-01, 3.8765e-03],\n",
       "          [6.0350e-03, 9.8809e-01, 5.8711e-03],\n",
       "          [8.1676e-03, 9.8390e-01, 7.9289e-03],\n",
       "          [1.1325e-02, 9.7758e-01, 1.1096e-02],\n",
