{
 "cells": [
  {
   "cell_type": "code",
   "execution_count": 1,
   "id": "050c878a",
   "metadata": {},
   "outputs": [],
   "source": [
    "%load_ext autoreload\n",
    "%autoreload 2"
   ]
  },
  {
   "cell_type": "code",
   "execution_count": 2,
   "id": "7418d82f",
   "metadata": {},
   "outputs": [
    {
     "name": "stderr",
     "output_type": "stream",
     "text": [
      "/usr/local/lib/python3.8/dist-packages/tqdm/auto.py:21: TqdmWarning: IProgress not found. Please update jupyter and ipywidgets. See https://ipywidgets.readthedocs.io/en/stable/user_install.html\n",
      "  from .autonotebook import tqdm as notebook_tqdm\n"
     ]
    }
   ],
   "source": [
    "import numpy as np\n",
    "import pandas as pd\n",
    "import torch\n",
    "import re\n",
    "from sklearn.metrics import balanced_accuracy_score, roc_auc_score,accuracy_score,precision_recall_fscore_support\n",
    "from Constants import *\n",
    "from Preprocessing import *\n",
    "from Models import *\n",
    "import copy\n",
    "from Utils import *\n",
    "from DeepSurvivalModels import *\n",
    "pd.set_option('display.max_rows', 200)\n",
    "\n"
   ]
  },
  {
   "cell_type": "code",
   "execution_count": 3,
   "id": "c427599a",
   "metadata": {
    "scrolled": true
   },
   "outputs": [
    {
     "data": {
      "text/plain": [
       "(536, 62)"
      ]
     },
     "execution_count": 3,
     "metadata": {},
     "output_type": "execute_result"
    }
   ],
   "source": [
    "data = DTDataset(use_smote=False)\n",
    "data.processed_df.T\n",
    "data.get_input_state(1).shape\n",
    "# data.processed_df#.shape, len(data.processed_df.index.unique())"
   ]
  },
  {
   "cell_type": "code",
   "execution_count": 4,
   "id": "f2937b08",
   "metadata": {},
   "outputs": [
    {
     "data": {
      "text/plain": [
       "DSM(\n",
       "  (act): Tanh()\n",
       "  (shape): ParameterList(\n",
       "      (0): Parameter containing: [torch.float32 of size 3]\n",
       "      (1): Parameter containing: [torch.float32 of size 3]\n",
       "      (2): Parameter containing: [torch.float32 of size 3]\n",
       "      (3): Parameter containing: [torch.float32 of size 3]\n",
       "  )\n",
       "  (scale): ParameterList(\n",
       "      (0): Parameter containing: [torch.float32 of size 3]\n",
       "      (1): Parameter containing: [torch.float32 of size 3]\n",
       "      (2): Parameter containing: [torch.float32 of size 3]\n",
       "      (3): Parameter containing: [torch.float32 of size 3]\n",
       "  )\n",
       "  (gate): ModuleList(\n",
       "    (0-3): 4 x Sequential(\n",
       "      (0): Linear(in_features=103, out_features=3, bias=False)\n",
       "    )\n",
       "  )\n",
       "  (scaleg): ModuleList(\n",
       "    (0-3): 4 x Sequential(\n",
       "      (0): Linear(in_features=103, out_features=3, bias=True)\n",
       "    )\n",
       "  )\n",
       "  (shapeg): ModuleList(\n",
       "    (0-3): 4 x Sequential(\n",
       "      (0): Linear(in_features=103, out_features=3, bias=False)\n",
       "    )\n",
       "  )\n",
       "  (embedding): Sequential(\n",
       "    (0): Linear(in_features=79, out_features=100, bias=False)\n",
       "    (1): Tanh()\n",
       "  )\n",
       "  (input_dropout): Dropout(p=0, inplace=False)\n",
       "  (embedding_dropout): Dropout(p=0.5, inplace=False)\n",
       "  (squish): LogSoftmax(dim=1)\n",
       ")"
      ]
     },
     "execution_count": 4,
     "metadata": {},
     "output_type": "execute_result"
    }
   ],
   "source": [
    "from Utils import *\n",
    "model1,model2,model3,smodel3 = load_transition_models()\n",
    "smodel3"
   ]
  },
  {
   "cell_type": "code",
   "execution_count": 5,
   "id": "b29d259b",
   "metadata": {},
   "outputs": [
    {
     "name": "stdout",
     "output_type": "stream",
     "text": [
      "tensor([8., 0., 0.]) 147\n"
     ]
    },
    {
     "data": {
      "text/plain": [
       "(tensor([[0., 0., 0.],\n",
       "         [0., 0., 0.],\n",
       "         [0., 0., 0.],\n",
       "         [0., 0., 0.],\n",
       "         [0., 0., 0.],\n",
       "         [0., 0., 0.],\n",
       "         [0., 0., 0.],\n",
       "         [0., 0., 0.],\n",
       "         [0., 0., 0.],\n",
       "         [0., 0., 0.],\n",
       "         [0., 0., 0.],\n",
       "         [0., 0., 0.],\n",
       "         [0., 0., 0.],\n",
       "         [0., 0., 0.],\n",
       "         [0., 0., 0.],\n",
       "         [0., 0., 0.],\n",
       "         [0., 0., 0.],\n",
       "         [0., 0., 0.],\n",
       "         [0., 0., 0.],\n",
       "         [0., 0., 0.],\n",
       "         [0., 0., 0.],\n",
       "         [0., 0., 0.],\n",
       "         [0., 0., 0.],\n",
       "         [0., 0., 0.],\n",
       "         [0., 0., 0.],\n",
       "         [0., 0., 0.],\n",
       "         [0., 0., 0.],\n",
       "         [0., 0., 0.],\n",
       "         [0., 0., 0.],\n",
       "         [0., 0., 0.],\n",
       "         [0., 0., 0.],\n",
       "         [0., 0., 0.],\n",
       "         [0., 0., 0.],\n",
       "         [0., 0., 0.],\n",
       "         [1., 0., 0.],\n",
       "         [0., 0., 0.],\n",
       "         [0., 0., 0.],\n",
       "         [0., 0., 0.],\n",
       "         [0., 0., 0.],\n",
       "         [0., 0., 0.],\n",
       "         [0., 0., 0.],\n",
       "         [0., 0., 0.],\n",
       "         [1., 0., 0.],\n",
       "         [0., 0., 0.],\n",
       "         [0., 0., 0.],\n",
       "         [0., 0., 0.],\n",
       "         [0., 0., 0.],\n",
       "         [0., 0., 0.],\n",
       "         [0., 0., 0.],\n",
       "         [0., 0., 0.],\n",
       "         [1., 0., 0.],\n",
       "         [0., 0., 0.],\n",
       "         [0., 0., 0.],\n",
       "         [0., 0., 0.],\n",
       "         [0., 0., 0.],\n",
       "         [0., 0., 0.],\n",
       "         [0., 0., 0.],\n",
       "         [0., 0., 0.],\n",
       "         [0., 0., 0.],\n",
       "         [0., 0., 0.],\n",
       "         [0., 0., 0.],\n",
       "         [0., 0., 0.],\n",
       "         [0., 0., 0.],\n",
       "         [0., 0., 0.],\n",
       "         [1., 0., 0.],\n",
       "         [0., 0., 0.],\n",
       "         [0., 0., 0.],\n",
       "         [0., 0., 0.],\n",
       "         [0., 0., 0.],\n",
       "         [0., 0., 0.],\n",
       "         [0., 0., 0.],\n",
       "         [0., 0., 0.],\n",
       "         [0., 0., 0.],\n",
       "         [0., 0., 0.],\n",
       "         [0., 0., 0.],\n",
       "         [0., 0., 0.],\n",
       "         [0., 0., 0.],\n",
       "         [0., 0., 0.],\n",
       "         [0., 0., 0.],\n",
       "         [0., 0., 0.],\n",
       "         [0., 0., 0.],\n",
       "         [0., 0., 0.],\n",
       "         [0., 0., 0.],\n",
       "         [0., 0., 0.],\n",
       "         [0., 0., 0.],\n",
       "         [0., 0., 0.],\n",
       "         [0., 0., 0.],\n",
       "         [0., 0., 0.],\n",
       "         [0., 0., 0.],\n",
       "         [0., 0., 0.],\n",
       "         [0., 0., 0.],\n",
       "         [0., 0., 0.],\n",
       "         [0., 0., 0.],\n",
       "         [0., 0., 0.],\n",
       "         [0., 0., 0.],\n",
       "         [0., 0., 0.],\n",
       "         [0., 0., 0.],\n",
       "         [1., 0., 0.],\n",
       "         [0., 0., 0.],\n",
       "         [1., 0., 0.],\n",
       "         [0., 0., 0.],\n",
       "         [0., 0., 0.],\n",
       "         [0., 0., 0.],\n",
       "         [0., 0., 0.],\n",
       "         [0., 0., 0.],\n",
       "         [0., 0., 0.],\n",
       "         [0., 0., 0.],\n",
       "         [0., 0., 0.],\n",
       "         [0., 0., 0.],\n",
       "         [0., 0., 0.],\n",
       "         [1., 0., 0.],\n",
       "         [0., 0., 0.],\n",
       "         [0., 0., 0.],\n",
       "         [0., 0., 0.],\n",
       "         [0., 0., 0.],\n",
       "         [0., 0., 0.],\n",
       "         [0., 0., 0.],\n",
       "         [0., 0., 0.],\n",
       "         [0., 0., 0.],\n",
       "         [0., 0., 0.],\n",
       "         [0., 0., 0.],\n",
       "         [0., 0., 0.],\n",
       "         [0., 0., 0.],\n",
       "         [0., 0., 0.],\n",
       "         [0., 0., 0.],\n",
       "         [0., 0., 0.],\n",
       "         [0., 0., 0.],\n",
       "         [0., 0., 0.],\n",
       "         [0., 0., 0.],\n",
       "         [0., 0., 0.],\n",
       "         [0., 0., 0.],\n",
       "         [0., 0., 0.],\n",
       "         [0., 0., 0.],\n",
       "         [0., 0., 0.],\n",
       "         [0., 0., 0.],\n",
       "         [0., 0., 0.],\n",
       "         [0., 0., 0.],\n",
       "         [0., 0., 0.],\n",
       "         [0., 0., 0.],\n",
       "         [0., 0., 0.],\n",
       "         [0., 0., 0.],\n",
       "         [0., 0., 0.],\n",
       "         [1., 0., 0.],\n",
       "         [0., 0., 0.],\n",
       "         [0., 0., 0.],\n",
       "         [0., 0., 0.],\n",
       "         [0., 0., 0.]]),\n",
       " {'pd1': tensor([[0.0000e+00, 0.0000e+00, 3.3333e-01],\n",
       "          [0.0000e+00, 0.0000e+00, 3.3333e-01],\n",
       "          [0.0000e+00, 0.0000e+00, 3.3333e-01],\n",
       "          [0.0000e+00, 0.0000e+00, 3.3333e-01],\n",
       "          [0.0000e+00, 0.0000e+00, 3.3333e-01],\n",
       "          [0.0000e+00, 0.0000e+00, 3.3333e-01],\n",
       "          [0.0000e+00, 0.0000e+00, 3.3333e-01],\n",
       "          [0.0000e+00, 0.0000e+00, 3.3333e-01],\n",
       "          [0.0000e+00, 0.0000e+00, 3.3333e-01],\n",
       "          [0.0000e+00, 0.0000e+00, 3.3333e-01],\n",
       "          [0.0000e+00, 0.0000e+00, 3.3333e-01],\n",
       "          [0.0000e+00, 0.0000e+00, 3.3333e-01],\n",
       "          [0.0000e+00, 0.0000e+00, 3.3333e-01],\n",
       "          [0.0000e+00, 0.0000e+00, 3.3333e-01],\n",
       "          [0.0000e+00, 0.0000e+00, 3.3333e-01],\n",
       "          [0.0000e+00, 0.0000e+00, 3.3333e-01],\n",
       "          [0.0000e+00, 0.0000e+00, 3.3333e-01],\n",
       "          [0.0000e+00, 0.0000e+00, 3.3333e-01],\n",
       "          [0.0000e+00, 0.0000e+00, 3.3333e-01],\n",
       "          [0.0000e+00, 0.0000e+00, 3.3333e-01],\n",
       "          [0.0000e+00, 0.0000e+00, 3.3333e-01],\n",
       "          [0.0000e+00, 0.0000e+00, 3.3333e-01],\n",
       "          [0.0000e+00, 0.0000e+00, 3.3333e-01],\n",
       "          [0.0000e+00, 0.0000e+00, 3.3333e-01],\n",
       "          [0.0000e+00, 0.0000e+00, 3.3333e-01],\n",
       "          [0.0000e+00, 0.0000e+00, 3.3333e-01],\n",
       "          [0.0000e+00, 0.0000e+00, 3.3333e-01],\n",
       "          [0.0000e+00, 0.0000e+00, 3.3333e-01],\n",
       "          [0.0000e+00, 0.0000e+00, 3.3333e-01],\n",
       "          [0.0000e+00, 0.0000e+00, 3.3333e-01],\n",
       "          [0.0000e+00, 0.0000e+00, 3.3333e-01],\n",
       "          [0.0000e+00, 0.0000e+00, 3.3333e-01],\n",
       "          [0.0000e+00, 0.0000e+00, 3.3333e-01],\n",
       "          [0.0000e+00, 0.0000e+00, 3.3333e-01],\n",
       "          [6.5378e-01, 3.3400e-01, 1.2220e-02],\n",
       "          [0.0000e+00, 0.0000e+00, 3.3333e-01],\n",
       "          [0.0000e+00, 0.0000e+00, 3.3333e-01],\n",
       "          [0.0000e+00, 0.0000e+00, 3.3333e-01],\n",
       "          [0.0000e+00, 0.0000e+00, 3.3333e-01],\n",
       "          [0.0000e+00, 0.0000e+00, 3.3333e-01],\n",
       "          [0.0000e+00, 0.0000e+00, 3.3333e-01],\n",
       "          [0.0000e+00, 0.0000e+00, 3.3333e-01],\n",
       "          [1.0692e-01, 8.8322e-01, 9.8608e-03],\n",
       "          [0.0000e+00, 0.0000e+00, 3.3333e-01],\n",
       "          [0.0000e+00, 0.0000e+00, 3.3333e-01],\n",
       "          [0.0000e+00, 0.0000e+00, 3.3333e-01],\n",
       "          [0.0000e+00, 0.0000e+00, 3.3333e-01],\n",
       "          [0.0000e+00, 0.0000e+00, 3.3333e-01],\n",
       "          [0.0000e+00, 0.0000e+00, 3.3333e-01],\n",
       "          [0.0000e+00, 0.0000e+00, 3.3333e-01],\n",
       "          [4.5066e-01, 5.4254e-01, 6.8048e-03],\n",
       "          [0.0000e+00, 0.0000e+00, 3.3333e-01],\n",
       "          [0.0000e+00, 0.0000e+00, 3.3333e-01],\n",
       "          [0.0000e+00, 0.0000e+00, 3.3333e-01],\n",
       "          [0.0000e+00, 0.0000e+00, 3.3333e-01],\n",
       "          [0.0000e+00, 0.0000e+00, 3.3333e-01],\n",
       "          [0.0000e+00, 0.0000e+00, 3.3333e-01],\n",
       "          [0.0000e+00, 0.0000e+00, 3.3333e-01],\n",
       "          [0.0000e+00, 0.0000e+00, 3.3333e-01],\n",
       "          [0.0000e+00, 0.0000e+00, 3.3333e-01],\n",
       "          [0.0000e+00, 0.0000e+00, 3.3333e-01],\n",
       "          [0.0000e+00, 0.0000e+00, 3.3333e-01],\n",
       "          [0.0000e+00, 0.0000e+00, 3.3333e-01],\n",
       "          [0.0000e+00, 0.0000e+00, 3.3333e-01],\n",
       "          [7.2752e-01, 2.7248e-01, 1.9548e-22],\n",
       "          [0.0000e+00, 0.0000e+00, 3.3333e-01],\n",
       "          [0.0000e+00, 0.0000e+00, 3.3333e-01],\n",
       "          [0.0000e+00, 0.0000e+00, 3.3333e-01],\n",
       "          [0.0000e+00, 0.0000e+00, 3.3333e-01],\n",
       "          [0.0000e+00, 0.0000e+00, 3.3333e-01],\n",
       "          [0.0000e+00, 0.0000e+00, 3.3333e-01],\n",
       "          [0.0000e+00, 0.0000e+00, 3.3333e-01],\n",
       "          [0.0000e+00, 0.0000e+00, 3.3333e-01],\n",
       "          [0.0000e+00, 0.0000e+00, 3.3333e-01],\n",
       "          [0.0000e+00, 0.0000e+00, 3.3333e-01],\n",
       "          [0.0000e+00, 0.0000e+00, 3.3333e-01],\n",
       "          [0.0000e+00, 0.0000e+00, 3.3333e-01],\n",
       "          [0.0000e+00, 0.0000e+00, 3.3333e-01],\n",
       "          [0.0000e+00, 0.0000e+00, 3.3333e-01],\n",
       "          [0.0000e+00, 0.0000e+00, 3.3333e-01],\n",
       "          [0.0000e+00, 0.0000e+00, 3.3333e-01],\n",
       "          [0.0000e+00, 0.0000e+00, 3.3333e-01],\n",
       "          [0.0000e+00, 0.0000e+00, 3.3333e-01],\n",
       "          [0.0000e+00, 0.0000e+00, 3.3333e-01],\n",
       "          [0.0000e+00, 0.0000e+00, 3.3333e-01],\n",
       "          [0.0000e+00, 0.0000e+00, 3.3333e-01],\n",
       "          [0.0000e+00, 0.0000e+00, 3.3333e-01],\n",
       "          [0.0000e+00, 0.0000e+00, 3.3333e-01],\n",
       "          [0.0000e+00, 0.0000e+00, 3.3333e-01],\n",
       "          [0.0000e+00, 0.0000e+00, 3.3333e-01],\n",
       "          [0.0000e+00, 0.0000e+00, 3.3333e-01],\n",
       "          [0.0000e+00, 0.0000e+00, 3.3333e-01],\n",
       "          [0.0000e+00, 0.0000e+00, 3.3333e-01],\n",
       "          [0.0000e+00, 0.0000e+00, 3.3333e-01],\n",
       "          [0.0000e+00, 0.0000e+00, 3.3333e-01],\n",
       "          [0.0000e+00, 0.0000e+00, 3.3333e-01],\n",
       "          [0.0000e+00, 0.0000e+00, 3.3333e-01],\n",
       "          [7.7904e-02, 9.1975e-01, 2.3486e-03],\n",
       "          [0.0000e+00, 0.0000e+00, 3.3333e-01],\n",
       "          [2.3376e-02, 9.7389e-01, 2.7377e-03],\n",
       "          [0.0000e+00, 0.0000e+00, 3.3333e-01],\n",
       "          [0.0000e+00, 0.0000e+00, 3.3333e-01],\n",
       "          [0.0000e+00, 0.0000e+00, 3.3333e-01],\n",
       "          [0.0000e+00, 0.0000e+00, 3.3333e-01],\n",
       "          [0.0000e+00, 0.0000e+00, 3.3333e-01],\n",
       "          [0.0000e+00, 0.0000e+00, 3.3333e-01],\n",
       "          [0.0000e+00, 0.0000e+00, 3.3333e-01],\n",
       "          [0.0000e+00, 0.0000e+00, 3.3333e-01],\n",
       "          [0.0000e+00, 0.0000e+00, 3.3333e-01],\n",
       "          [0.0000e+00, 0.0000e+00, 3.3333e-01],\n",
       "          [1.4404e-01, 8.4511e-01, 1.0851e-02],\n",
       "          [0.0000e+00, 0.0000e+00, 3.3333e-01],\n",
       "          [0.0000e+00, 0.0000e+00, 3.3333e-01],\n",
       "          [0.0000e+00, 0.0000e+00, 3.3333e-01],\n",
       "          [0.0000e+00, 0.0000e+00, 3.3333e-01],\n",
       "          [0.0000e+00, 0.0000e+00, 3.3333e-01],\n",
       "          [0.0000e+00, 0.0000e+00, 3.3333e-01],\n",
       "          [0.0000e+00, 0.0000e+00, 3.3333e-01],\n",
       "          [0.0000e+00, 0.0000e+00, 3.3333e-01],\n",
       "          [0.0000e+00, 0.0000e+00, 3.3333e-01],\n",
       "          [0.0000e+00, 0.0000e+00, 3.3333e-01],\n",
       "          [0.0000e+00, 0.0000e+00, 3.3333e-01],\n",
       "          [0.0000e+00, 0.0000e+00, 3.3333e-01],\n",
       "          [0.0000e+00, 0.0000e+00, 3.3333e-01],\n",
       "          [0.0000e+00, 0.0000e+00, 3.3333e-01],\n",
       "          [0.0000e+00, 0.0000e+00, 3.3333e-01],\n",
       "          [0.0000e+00, 0.0000e+00, 3.3333e-01],\n",
       "          [0.0000e+00, 0.0000e+00, 3.3333e-01],\n",
       "          [0.0000e+00, 0.0000e+00, 3.3333e-01],\n",
       "          [0.0000e+00, 0.0000e+00, 3.3333e-01],\n",
       "          [0.0000e+00, 0.0000e+00, 3.3333e-01],\n",
       "          [0.0000e+00, 0.0000e+00, 3.3333e-01],\n",
       "          [0.0000e+00, 0.0000e+00, 3.3333e-01],\n",
       "          [0.0000e+00, 0.0000e+00, 3.3333e-01],\n",
       "          [0.0000e+00, 0.0000e+00, 3.3333e-01],\n",
       "          [0.0000e+00, 0.0000e+00, 3.3333e-01],\n",
       "          [0.0000e+00, 0.0000e+00, 3.3333e-01],\n",
       "          [0.0000e+00, 0.0000e+00, 3.3333e-01],\n",
       "          [0.0000e+00, 0.0000e+00, 3.3333e-01],\n",
       "          [0.0000e+00, 0.0000e+00, 3.3333e-01],\n",
       "          [0.0000e+00, 0.0000e+00, 3.3333e-01],\n",
       "          [0.0000e+00, 0.0000e+00, 3.3333e-01],\n",
       "          [9.0641e-01, 9.2574e-02, 1.0162e-03],\n",
       "          [0.0000e+00, 0.0000e+00, 3.3333e-01],\n",
       "          [0.0000e+00, 0.0000e+00, 3.3333e-01],\n",
       "          [0.0000e+00, 0.0000e+00, 3.3333e-01],\n",
       "          [0.0000e+00, 0.0000e+00, 3.3333e-01]], grad_fn=<CopySlices>),\n",
       "  'nd1': tensor([[0.0000e+00, 0.0000e+00, 3.3333e-01],\n",
       "          [0.0000e+00, 0.0000e+00, 3.3333e-01],\n",
       "          [0.0000e+00, 0.0000e+00, 3.3333e-01],\n",
       "          [0.0000e+00, 0.0000e+00, 3.3333e-01],\n",
       "          [0.0000e+00, 0.0000e+00, 3.3333e-01],\n",
       "          [0.0000e+00, 0.0000e+00, 3.3333e-01],\n",
       "          [0.0000e+00, 0.0000e+00, 3.3333e-01],\n",
       "          [0.0000e+00, 0.0000e+00, 3.3333e-01],\n",
       "          [0.0000e+00, 0.0000e+00, 3.3333e-01],\n",
       "          [0.0000e+00, 0.0000e+00, 3.3333e-01],\n",
       "          [0.0000e+00, 0.0000e+00, 3.3333e-01],\n",
       "          [0.0000e+00, 0.0000e+00, 3.3333e-01],\n",
       "          [0.0000e+00, 0.0000e+00, 3.3333e-01],\n",
       "          [0.0000e+00, 0.0000e+00, 3.3333e-01],\n",
       "          [0.0000e+00, 0.0000e+00, 3.3333e-01],\n",
       "          [0.0000e+00, 0.0000e+00, 3.3333e-01],\n",
       "          [0.0000e+00, 0.0000e+00, 3.3333e-01],\n",
       "          [0.0000e+00, 0.0000e+00, 3.3333e-01],\n",
       "          [0.0000e+00, 0.0000e+00, 3.3333e-01],\n",
       "          [0.0000e+00, 0.0000e+00, 3.3333e-01],\n",
       "          [0.0000e+00, 0.0000e+00, 3.3333e-01],\n",
       "          [0.0000e+00, 0.0000e+00, 3.3333e-01],\n",
       "          [0.0000e+00, 0.0000e+00, 3.3333e-01],\n",
       "          [0.0000e+00, 0.0000e+00, 3.3333e-01],\n",
       "          [0.0000e+00, 0.0000e+00, 3.3333e-01],\n",
       "          [0.0000e+00, 0.0000e+00, 3.3333e-01],\n",
       "          [0.0000e+00, 0.0000e+00, 3.3333e-01],\n",
       "          [0.0000e+00, 0.0000e+00, 3.3333e-01],\n",
       "          [0.0000e+00, 0.0000e+00, 3.3333e-01],\n",
       "          [0.0000e+00, 0.0000e+00, 3.3333e-01],\n",
       "          [0.0000e+00, 0.0000e+00, 3.3333e-01],\n",
       "          [0.0000e+00, 0.0000e+00, 3.3333e-01],\n",
       "          [0.0000e+00, 0.0000e+00, 3.3333e-01],\n",
       "          [0.0000e+00, 0.0000e+00, 3.3333e-01],\n",
       "          [2.4202e-03, 9.9522e-01, 2.3607e-03],\n",
       "          [0.0000e+00, 0.0000e+00, 3.3333e-01],\n",
       "          [0.0000e+00, 0.0000e+00, 3.3333e-01],\n",
       "          [0.0000e+00, 0.0000e+00, 3.3333e-01],\n",
       "          [0.0000e+00, 0.0000e+00, 3.3333e-01],\n",
       "          [0.0000e+00, 0.0000e+00, 3.3333e-01],\n",
       "          [0.0000e+00, 0.0000e+00, 3.3333e-01],\n",
       "          [0.0000e+00, 0.0000e+00, 3.3333e-01],\n",
       "          [4.0155e-03, 9.9205e-01, 3.9321e-03],\n",
       "          [0.0000e+00, 0.0000e+00, 3.3333e-01],\n",
       "          [0.0000e+00, 0.0000e+00, 3.3333e-01],\n",
       "          [0.0000e+00, 0.0000e+00, 3.3333e-01],\n",
       "          [0.0000e+00, 0.0000e+00, 3.3333e-01],\n",
       "          [0.0000e+00, 0.0000e+00, 3.3333e-01],\n",
       "          [0.0000e+00, 0.0000e+00, 3.3333e-01],\n",
       "          [0.0000e+00, 0.0000e+00, 3.3333e-01],\n",
       "          [1.3572e-03, 9.9728e-01, 1.3625e-03],\n",
       "          [0.0000e+00, 0.0000e+00, 3.3333e-01],\n",
       "          [0.0000e+00, 0.0000e+00, 3.3333e-01],\n",
       "          [0.0000e+00, 0.0000e+00, 3.3333e-01],\n",
       "          [0.0000e+00, 0.0000e+00, 3.3333e-01],\n",
       "          [0.0000e+00, 0.0000e+00, 3.3333e-01],\n",
       "          [0.0000e+00, 0.0000e+00, 3.3333e-01],\n",
       "          [0.0000e+00, 0.0000e+00, 3.3333e-01],\n",
       "          [0.0000e+00, 0.0000e+00, 3.3333e-01],\n",
       "          [0.0000e+00, 0.0000e+00, 3.3333e-01],\n",
       "          [0.0000e+00, 0.0000e+00, 3.3333e-01],\n",
       "          [0.0000e+00, 0.0000e+00, 3.3333e-01],\n",
       "          [0.0000e+00, 0.0000e+00, 3.3333e-01],\n",
       "          [0.0000e+00, 0.0000e+00, 3.3333e-01],\n",
       "          [5.3609e-33, 1.0000e+00, 5.3609e-33],\n",
       "          [0.0000e+00, 0.0000e+00, 3.3333e-01],\n",
       "          [0.0000e+00, 0.0000e+00, 3.3333e-01],\n",
       "          [0.0000e+00, 0.0000e+00, 3.3333e-01],\n",
       "          [0.0000e+00, 0.0000e+00, 3.3333e-01],\n",
       "          [0.0000e+00, 0.0000e+00, 3.3333e-01],\n",
       "          [0.0000e+00, 0.0000e+00, 3.3333e-01],\n",
       "          [0.0000e+00, 0.0000e+00, 3.3333e-01],\n",
       "          [0.0000e+00, 0.0000e+00, 3.3333e-01],\n",
       "          [0.0000e+00, 0.0000e+00, 3.3333e-01],\n",
       "          [0.0000e+00, 0.0000e+00, 3.3333e-01],\n",
       "          [0.0000e+00, 0.0000e+00, 3.3333e-01],\n",
       "          [0.0000e+00, 0.0000e+00, 3.3333e-01],\n",
       "          [0.0000e+00, 0.0000e+00, 3.3333e-01],\n",
       "          [0.0000e+00, 0.0000e+00, 3.3333e-01],\n",
       "          [0.0000e+00, 0.0000e+00, 3.3333e-01],\n",
       "          [0.0000e+00, 0.0000e+00, 3.3333e-01],\n",
       "          [0.0000e+00, 0.0000e+00, 3.3333e-01],\n",
       "          [0.0000e+00, 0.0000e+00, 3.3333e-01],\n",
       "          [0.0000e+00, 0.0000e+00, 3.3333e-01],\n",
       "          [0.0000e+00, 0.0000e+00, 3.3333e-01],\n",
       "          [0.0000e+00, 0.0000e+00, 3.3333e-01],\n",
       "          [0.0000e+00, 0.0000e+00, 3.3333e-01],\n",
       "          [0.0000e+00, 0.0000e+00, 3.3333e-01],\n",
       "          [0.0000e+00, 0.0000e+00, 3.3333e-01],\n",
       "          [0.0000e+00, 0.0000e+00, 3.3333e-01],\n",
       "          [0.0000e+00, 0.0000e+00, 3.3333e-01],\n",
       "          [0.0000e+00, 0.0000e+00, 3.3333e-01],\n",
       "          [0.0000e+00, 0.0000e+00, 3.3333e-01],\n",
       "          [0.0000e+00, 0.0000e+00, 3.3333e-01],\n",
       "          [0.0000e+00, 0.0000e+00, 3.3333e-01],\n",
       "          [0.0000e+00, 0.0000e+00, 3.3333e-01],\n",
       "          [0.0000e+00, 0.0000e+00, 3.3333e-01],\n",
       "          [6.2975e-04, 9.9874e-01, 6.3383e-04],\n",
       "          [0.0000e+00, 0.0000e+00, 3.3333e-01],\n",
       "          [1.4531e-03, 9.9709e-01, 1.4556e-03],\n",
       "          [0.0000e+00, 0.0000e+00, 3.3333e-01],\n",
       "          [0.0000e+00, 0.0000e+00, 3.3333e-01],\n",
       "          [0.0000e+00, 0.0000e+00, 3.3333e-01],\n",
       "          [0.0000e+00, 0.0000e+00, 3.3333e-01],\n",
       "          [0.0000e+00, 0.0000e+00, 3.3333e-01],\n",
       "          [0.0000e+00, 0.0000e+00, 3.3333e-01],\n",
       "          [0.0000e+00, 0.0000e+00, 3.3333e-01],\n",
       "          [0.0000e+00, 0.0000e+00, 3.3333e-01],\n",
       "          [0.0000e+00, 0.0000e+00, 3.3333e-01],\n",
       "          [0.0000e+00, 0.0000e+00, 3.3333e-01],\n",
       "          [3.9960e-03, 9.9204e-01, 3.9618e-03],\n",
       "          [0.0000e+00, 0.0000e+00, 3.3333e-01],\n",
       "          [0.0000e+00, 0.0000e+00, 3.3333e-01],\n",
       "          [0.0000e+00, 0.0000e+00, 3.3333e-01],\n",
       "          [0.0000e+00, 0.0000e+00, 3.3333e-01],\n",
       "          [0.0000e+00, 0.0000e+00, 3.3333e-01],\n",
       "          [0.0000e+00, 0.0000e+00, 3.3333e-01],\n",
       "          [0.0000e+00, 0.0000e+00, 3.3333e-01],\n",
       "          [0.0000e+00, 0.0000e+00, 3.3333e-01],\n",
       "          [0.0000e+00, 0.0000e+00, 3.3333e-01],\n",
       "          [0.0000e+00, 0.0000e+00, 3.3333e-01],\n",
       "          [0.0000e+00, 0.0000e+00, 3.3333e-01],\n",
       "          [0.0000e+00, 0.0000e+00, 3.3333e-01],\n",
       "          [0.0000e+00, 0.0000e+00, 3.3333e-01],\n",
       "          [0.0000e+00, 0.0000e+00, 3.3333e-01],\n",
       "          [0.0000e+00, 0.0000e+00, 3.3333e-01],\n",
       "          [0.0000e+00, 0.0000e+00, 3.3333e-01],\n",
       "          [0.0000e+00, 0.0000e+00, 3.3333e-01],\n",
       "          [0.0000e+00, 0.0000e+00, 3.3333e-01],\n",
       "          [0.0000e+00, 0.0000e+00, 3.3333e-01],\n",
       "          [0.0000e+00, 0.0000e+00, 3.3333e-01],\n",
       "          [0.0000e+00, 0.0000e+00, 3.3333e-01],\n",
       "          [0.0000e+00, 0.0000e+00, 3.3333e-01],\n",
       "          [0.0000e+00, 0.0000e+00, 3.3333e-01],\n",
       "          [0.0000e+00, 0.0000e+00, 3.3333e-01],\n",
       "          [0.0000e+00, 0.0000e+00, 3.3333e-01],\n",
       "          [0.0000e+00, 0.0000e+00, 3.3333e-01],\n",
       "          [0.0000e+00, 0.0000e+00, 3.3333e-01],\n",
       "          [0.0000e+00, 0.0000e+00, 3.3333e-01],\n",
       "          [0.0000e+00, 0.0000e+00, 3.3333e-01],\n",
       "          [0.0000e+00, 0.0000e+00, 3.3333e-01],\n",
       "          [0.0000e+00, 0.0000e+00, 3.3333e-01],\n",
       "          [1.6883e-04, 9.9967e-01, 1.6593e-04],\n",
       "          [0.0000e+00, 0.0000e+00, 3.3333e-01],\n",
       "          [0.0000e+00, 0.0000e+00, 3.3333e-01],\n",
       "          [0.0000e+00, 0.0000e+00, 3.3333e-01],\n",
       "          [0.0000e+00, 0.0000e+00, 3.3333e-01]], grad_fn=<CopySlices>),\n",
       "  'nd2': tensor([[9.8130e-01, 1.8394e-02, 3.0103e-04],\n",
       "          [8.4328e-01, 1.5671e-01, 5.3298e-06],\n",
       "          [7.4203e-01, 2.5728e-01, 6.8109e-04],\n",
       "          [7.4908e-01, 2.4683e-01, 4.0813e-03],\n",
       "          [7.7093e-01, 2.2430e-01, 4.7723e-03],\n",
       "          [5.1221e-01, 4.8418e-01, 3.6074e-03],\n",
       "          [5.3750e-01, 4.6202e-01, 4.8001e-04],\n",
       "          [3.9753e-01, 5.9980e-01, 2.6660e-03],\n",
       "          [7.1889e-01, 2.7859e-01, 2.5187e-03],\n",
       "          [3.9861e-01, 5.9555e-01, 5.8383e-03],\n",
       "          [3.9455e-01, 6.0083e-01, 4.6153e-03],\n",
       "          [7.4597e-01, 2.5365e-01, 3.7563e-04],\n",
       "          [3.9753e-01, 5.9738e-01, 5.0922e-03],\n",
       "          [3.4412e-01, 6.5304e-01, 2.8352e-03],\n",
       "          [6.5742e-01, 3.3741e-01, 5.1778e-03],\n",
       "          [5.8397e-01, 4.1154e-01, 4.4958e-03],\n",
       "          [7.4178e-01, 2.5815e-01, 6.9111e-05],\n",
       "          [6.8987e-01, 3.0487e-01, 5.2540e-03],\n",
       "          [3.6970e-01, 6.2657e-01, 3.7252e-03],\n",
       "          [4.9761e-01, 4.9996e-01, 2.4263e-03],\n",
       "          [7.9082e-01, 2.0511e-01, 4.0699e-03],\n",
       "          [5.9940e-01, 3.9643e-01, 4.1668e-03],\n",
       "          [6.7224e-01, 3.2202e-01, 5.7383e-03],\n",
       "          [7.3378e-01, 2.6581e-01, 4.1576e-04],\n",
       "          [1.9571e-01, 8.0429e-01, 2.4263e-06],\n",
       "          [7.1419e-01, 2.8311e-01, 2.6987e-03],\n",
       "          [2.5820e-01, 7.4180e-01, 2.5768e-06],\n",
       "          [6.3838e-01, 3.6114e-01, 4.8612e-04],\n",
       "          [4.6434e-01, 5.3065e-01, 5.0066e-03],\n",
       "          [4.6983e-01, 5.2586e-01, 4.3084e-03],\n",
       "          [3.7894e-01, 6.1755e-01, 3.5118e-03],\n",
       "          [6.2411e-01, 3.6698e-01, 8.9121e-03],\n",
       "          [4.1003e-01, 5.8569e-01, 4.2800e-03],\n",
       "          [6.6125e-01, 3.3430e-01, 4.4561e-03],\n",
       "          [6.8569e-01, 3.1227e-01, 2.0444e-03],\n",
       "          [9.6573e-01, 3.3744e-02, 5.2725e-04],\n",
       "          [5.9778e-01, 3.9674e-01, 5.4827e-03],\n",
       "          [7.7064e-01, 2.2605e-01, 3.3013e-03],\n",
       "          [3.9426e-01, 6.0344e-01, 2.2917e-03],\n",
       "          [4.5624e-01, 5.4001e-01, 3.7524e-03],\n",
       "          [6.7899e-01, 3.1416e-01, 6.8501e-03],\n",
       "          [9.1603e-01, 8.3965e-02, 8.5255e-06],\n",
       "          [7.6297e-01, 2.3389e-01, 3.1395e-03],\n",
       "          [8.4838e-01, 1.5136e-01, 2.6131e-04],\n",
       "          [4.7422e-01, 5.2233e-01, 3.4575e-03],\n",
       "          [7.6502e-01, 2.3453e-01, 4.4455e-04],\n",
       "          [8.2658e-01, 1.7033e-01, 3.0865e-03],\n",
       "          [3.7670e-01, 6.2189e-01, 1.4111e-03],\n",
       "          [5.7215e-01, 4.2175e-01, 6.0984e-03],\n",
       "          [4.8292e-01, 5.1230e-01, 4.7819e-03],\n",
       "          [7.2372e-01, 2.7565e-01, 6.2551e-04],\n",
       "          [6.7999e-01, 3.1141e-01, 8.5974e-03],\n",
       "          [9.1360e-01, 8.4451e-02, 1.9493e-03],\n",
       "          [5.1165e-01, 4.8206e-01, 6.2988e-03],\n",
       "          [4.8335e-01, 5.1229e-01, 4.3579e-03],\n",
       "          [5.6015e-01, 4.3164e-01, 8.2106e-03],\n",
       "          [8.0353e-01, 1.9267e-01, 3.8058e-03],\n",
       "          [4.1701e-01, 5.7827e-01, 4.7242e-03],\n",
       "          [9.3535e-01, 6.4642e-02, 2.8986e-06],\n",
       "          [5.2459e-01, 4.6883e-01, 6.5816e-03],\n",
       "          [4.3945e-01, 5.5627e-01, 4.2803e-03],\n",
       "          [5.2450e-01, 4.7098e-01, 4.5247e-03],\n",
       "          [4.2625e-01, 5.6863e-01, 5.1189e-03],\n",
       "          [3.9869e-01, 5.9813e-01, 3.1758e-03],\n",
       "          [1.8225e-01, 8.1775e-01, 2.9974e-06],\n",
       "          [3.8075e-01, 6.1645e-01, 2.7978e-03],\n",
       "          [4.4744e-01, 5.4773e-01, 4.8231e-03],\n",
       "          [5.0087e-01, 4.9380e-01, 5.3246e-03],\n",
       "          [6.0474e-01, 3.8882e-01, 6.4334e-03],\n",
       "          [5.4002e-01, 4.5526e-01, 4.7274e-03],\n",
       "          [4.5328e-01, 5.4156e-01, 5.1683e-03],\n",
       "          [7.7153e-01, 2.2307e-01, 5.3960e-03],\n",
       "          [4.4431e-01, 5.5145e-01, 4.2473e-03],\n",
       "          [5.1999e-01, 4.7677e-01, 3.2454e-03],\n",
       "          [7.8700e-01, 2.1131e-01, 1.6976e-03],\n",
       "          [4.3005e-01, 5.6788e-01, 2.0719e-03],\n",
       "          [5.2854e-01, 4.7072e-01, 7.3148e-04],\n",
       "          [4.9486e-01, 4.9837e-01, 6.7661e-03],\n",
       "          [4.2598e-01, 5.7272e-01, 1.3049e-03],\n",
       "          [5.3819e-01, 4.5928e-01, 2.5309e-03],\n",
       "          [5.1058e-01, 4.8558e-01, 3.8325e-03],\n",
       "          [7.1421e-01, 2.8172e-01, 4.0634e-03],\n",
       "          [6.9653e-01, 2.9921e-01, 4.2583e-03],\n",
       "          [4.6503e-01, 5.3255e-01, 2.4151e-03],\n",
       "          [8.5784e-01, 1.4177e-01, 3.9154e-04],\n",
       "          [3.5233e-01, 6.4498e-01, 2.6906e-03],\n",
       "          [6.8233e-01, 3.1475e-01, 2.9228e-03],\n",
       "          [2.6067e-01, 7.3832e-01, 1.0026e-03],\n",
       "          [4.0530e-01, 5.9198e-01, 2.7150e-03],\n",
       "          [9.6671e-01, 3.2846e-02, 4.4359e-04],\n",
       "          [3.7823e-01, 6.1840e-01, 3.3648e-03],\n",
       "          [3.3895e-01, 6.5844e-01, 2.6121e-03],\n",
       "          [5.5910e-01, 4.3441e-01, 6.4904e-03],\n",
       "          [3.8772e-01, 6.0945e-01, 2.8311e-03],\n",
       "          [6.6281e-01, 3.3688e-01, 3.0861e-04],\n",
       "          [7.7882e-01, 2.1938e-01, 1.7960e-03],\n",
       "          [5.0879e-01, 4.8479e-01, 6.4250e-03],\n",
       "          [8.1870e-01, 1.8099e-01, 3.0986e-04],\n",
       "          [3.8876e-01, 6.0717e-01, 4.0670e-03],\n",
       "          [5.8182e-01, 4.1609e-01, 2.0876e-03],\n",
       "          [5.0090e-01, 4.9572e-01, 3.3800e-03],\n",
       "          [5.2426e-01, 4.6947e-01, 6.2649e-03],\n",
       "          [6.0865e-01, 3.8241e-01, 8.9425e-03],\n",
       "          [6.2736e-01, 3.7229e-01, 3.4616e-04],\n",
       "          [4.9065e-01, 5.0435e-01, 5.0075e-03],\n",
       "          [7.3218e-01, 2.5989e-01, 7.9352e-03],\n",
       "          [5.7932e-01, 4.1478e-01, 5.9078e-03],\n",
       "          [7.1597e-01, 2.8099e-01, 3.0322e-03],\n",
       "          [3.2543e-01, 6.7186e-01, 2.7083e-03],\n",
       "          [4.8489e-01, 5.1129e-01, 3.8243e-03],\n",
       "          [5.9658e-01, 3.9778e-01, 5.6438e-03],\n",
       "          [5.3852e-01, 4.5688e-01, 4.5990e-03],\n",
       "          [4.1872e-01, 5.7554e-01, 5.7425e-03],\n",
       "          [9.1693e-01, 8.2191e-02, 8.7498e-04],\n",
       "          [5.6424e-01, 4.2858e-01, 7.1865e-03],\n",
       "          [5.3183e-01, 4.6436e-01, 3.8057e-03],\n",
       "          [3.2847e-01, 6.6821e-01, 3.3216e-03],\n",
       "          [4.4230e-01, 5.5274e-01, 4.9600e-03],\n",
       "          [4.3369e-01, 5.6384e-01, 2.4630e-03],\n",
       "          [4.5820e-01, 5.3674e-01, 5.0614e-03],\n",
       "          [7.9216e-01, 2.0536e-01, 2.4822e-03],\n",
       "          [8.4953e-01, 1.4738e-01, 3.0987e-03],\n",
       "          [6.3506e-01, 3.5754e-01, 7.4040e-03],\n",
       "          [5.6241e-01, 4.3119e-01, 6.4066e-03],\n",
       "          [5.7185e-01, 4.2121e-01, 6.9367e-03],\n",
       "          [4.3047e-01, 5.6577e-01, 3.7631e-03],\n",
       "          [3.4954e-01, 6.4876e-01, 1.7008e-03],\n",
       "          [7.1291e-01, 2.8672e-01, 3.6829e-04],\n",
       "          [5.9484e-01, 4.0388e-01, 1.2812e-03],\n",
       "          [3.8816e-01, 6.0914e-01, 2.7040e-03],\n",
       "          [5.9625e-01, 4.0156e-01, 2.1817e-03],\n",
       "          [4.9755e-01, 4.9805e-01, 4.3957e-03],\n",
       "          [6.9719e-01, 2.9815e-01, 4.6611e-03],\n",
       "          [4.8821e-01, 5.0402e-01, 7.7687e-03],\n",
       "          [4.0274e-01, 5.9123e-01, 6.0243e-03],\n",
       "          [7.3136e-01, 2.6456e-01, 4.0877e-03],\n",
       "          [6.7859e-01, 3.1306e-01, 8.3519e-03],\n",
       "          [5.5600e-01, 4.3797e-01, 6.0218e-03],\n",
       "          [3.5783e-01, 6.3609e-01, 6.0825e-03],\n",
       "          [8.2095e-01, 1.7429e-01, 4.7593e-03],\n",
       "          [4.6750e-01, 5.2771e-01, 4.7835e-03],\n",
       "          [6.0760e-01, 3.8632e-01, 6.0793e-03],\n",
       "          [3.4829e-01, 6.5171e-01, 3.9677e-06],\n",
       "          [6.6706e-01, 3.3180e-01, 1.1455e-03],\n",
       "          [5.6630e-01, 4.2889e-01, 4.8165e-03],\n",
       "          [8.1956e-01, 1.7784e-01, 2.6014e-03],\n",
       "          [7.0691e-01, 2.8799e-01, 5.1023e-03]], grad_fn=<CopySlices>),\n",
       "  'pd2': tensor([[9.9999e-01, 5.7998e-06, 5.7962e-06],\n",
       "          [1.0000e+00, 1.4080e-10, 1.4079e-10],\n",
       "          [1.0000e+00, 2.0708e-06, 2.0695e-06],\n",
       "          [9.9982e-01, 8.8775e-05, 8.8438e-05],\n",
       "          [9.9975e-01, 1.2461e-04, 1.2419e-04],\n",
       "          [9.9991e-01, 4.6495e-05, 4.6428e-05],\n",
       "          [1.0000e+00, 8.6569e-07, 8.6544e-07],\n",
       "          [9.9994e-01, 2.7739e-05, 2.7693e-05],\n",
       "          [9.9994e-01, 2.8346e-05, 2.8303e-05],\n",
       "          [9.9972e-01, 1.3816e-04, 1.3766e-04],\n",
       "          [9.9982e-01, 8.9677e-05, 8.9381e-05],\n",
       "          [1.0000e+00, 6.4970e-07, 6.4953e-07],\n",
       "          [9.9980e-01, 9.9939e-05, 9.9683e-05],\n",
       "          [9.9993e-01, 3.3193e-05, 3.3138e-05],\n",
       "          [9.9975e-01, 1.2476e-04, 1.2427e-04],\n",
       "          [9.9982e-01, 9.0316e-05, 9.0082e-05],\n",
       "          [1.0000e+00, 3.1827e-08, 3.1826e-08],\n",
       "          [9.9978e-01, 1.1079e-04, 1.1055e-04],\n",
       "          [9.9988e-01, 6.0030e-05, 5.9904e-05],\n",
       "          [9.9995e-01, 2.3462e-05, 2.3422e-05],\n",
       "          [9.9976e-01, 1.2265e-04, 1.2224e-04],\n",
       "          [9.9986e-01, 7.2289e-05, 7.2129e-05],\n",
       "          [9.9970e-01, 1.4823e-04, 1.4761e-04],\n",
       "          [1.0000e+00, 1.1380e-06, 1.1374e-06],\n",
       "          [1.0000e+00, 3.1105e-11, 3.1105e-11],\n",
       "          [9.9992e-01, 3.9191e-05, 3.9108e-05],\n",
       "          [1.0000e+00, 3.2351e-11, 3.2351e-11],\n",
       "          [1.0000e+00, 1.0548e-06, 1.0544e-06],\n",
       "          [9.9983e-01, 8.6133e-05, 8.5890e-05],\n",
       "          [9.9986e-01, 6.9005e-05, 6.8862e-05],\n",
       "          [9.9990e-01, 5.1151e-05, 5.1063e-05],\n",
       "          [9.9933e-01, 3.3647e-04, 3.3460e-04],\n",
       "          [9.9985e-01, 7.6476e-05, 7.6305e-05],\n",
       "          [9.9981e-01, 9.6395e-05, 9.6077e-05],\n",
       "          [9.9996e-01, 1.9622e-05, 1.9603e-05],\n",
       "          [9.9998e-01, 9.7160e-06, 9.7058e-06],\n",
       "          [9.9975e-01, 1.2345e-04, 1.2304e-04],\n",
       "          [9.9987e-01, 6.6085e-05, 6.5891e-05],\n",
       "          [9.9995e-01, 2.2546e-05, 2.2498e-05],\n",
       "          [9.9989e-01, 5.2534e-05, 5.2428e-05],\n",
       "          [9.9957e-01, 2.1330e-04, 2.1249e-04],\n",
       "          [1.0000e+00, 6.0589e-10, 6.0588e-10],\n",
       "          [9.9988e-01, 5.9820e-05, 5.9734e-05],\n",
       "          [1.0000e+00, 4.9776e-07, 4.9761e-07],\n",
       "          [9.9991e-01, 4.3273e-05, 4.3208e-05],\n",
       "          [1.0000e+00, 1.2282e-06, 1.2277e-06],\n",
       "          [9.9987e-01, 6.3489e-05, 6.3318e-05],\n",
       "          [9.9998e-01, 7.7299e-06, 7.7239e-06],\n",
       "          [9.9971e-01, 1.4545e-04, 1.4499e-04],\n",
       "          [9.9982e-01, 8.7859e-05, 8.7612e-05],\n",
       "          [1.0000e+00, 2.0387e-06, 2.0384e-06],\n",
       "          [9.9931e-01, 3.4781e-04, 3.4581e-04],\n",
       "          [9.9990e-01, 4.9938e-05, 4.9814e-05],\n",
       "          [9.9967e-01, 1.6302e-04, 1.6240e-04],\n",
       "          [9.9986e-01, 7.0104e-05, 6.9960e-05],\n",
       "          [9.9949e-01, 2.5374e-04, 2.5224e-04],\n",
       "          [9.9984e-01, 8.2024e-05, 8.1832e-05],\n",
       "          [9.9979e-01, 1.0736e-04, 1.0705e-04],\n",
       "          [1.0000e+00, 1.2676e-10, 1.2676e-10],\n",
       "          [9.9971e-01, 1.4711e-04, 1.4666e-04],\n",
       "          [9.9986e-01, 7.1602e-05, 7.1439e-05],\n",
       "          [9.9982e-01, 8.7961e-05, 8.7719e-05],\n",
       "          [9.9979e-01, 1.0596e-04, 1.0554e-04],\n",
       "          [9.9992e-01, 3.8834e-05, 3.8771e-05],\n",
       "          [1.0000e+00, 5.8329e-11, 5.8329e-11],\n",
       "          [9.9993e-01, 3.4197e-05, 3.4140e-05],\n",
       "          [9.9981e-01, 9.5464e-05, 9.5183e-05],\n",
       "          [9.9979e-01, 1.0525e-04, 1.0486e-04],\n",
       "          [9.9968e-01, 1.6012e-04, 1.5970e-04],\n",
       "          [9.9982e-01, 9.1952e-05, 9.1631e-05],\n",
       "          [9.9981e-01, 9.2923e-05, 9.2606e-05],\n",
       "          [9.9963e-01, 1.8378e-04, 1.8305e-04],\n",
