{
 "cells": [
  {
   "cell_type": "code",
   "execution_count": null,
   "id": "050c878a",
   "metadata": {},
   "outputs": [],
   "source": [
    "%load_ext autoreload\n",
    "%autoreload 2"
   ]
  },
  {
   "cell_type": "code",
   "execution_count": 157,
   "id": "7418d82f",
   "metadata": {},
   "outputs": [],
   "source": [
    "import numpy as np\n",
    "import pandas as pd\n",
    "import torch\n",
    "import re\n",
    "from sklearn.metrics import balanced_accuracy_score, roc_auc_score,accuracy_score,precision_recall_fscore_support\n",
    "from Constants import *\n",
    "from Preprocessing import *\n",
    "from Models import *\n",
    "import copy\n",
    "from Utils import *\n",
    "from DeepSurvivalModels import *\n",
    "pd.set_option('display.max_rows', 200)\n",
    "\n"
   ]
  },
  {
   "cell_type": "code",
   "execution_count": 3,
   "id": "c427599a",
   "metadata": {
    "scrolled": true
   },
   "outputs": [
    {
     "data": {
      "text/plain": [
       "(536, 62)"
      ]
     },
     "execution_count": 3,
     "metadata": {},
     "output_type": "execute_result"
    }
   ],
   "source": [
    "data = DTDataset(use_smote=False)\n",
    "data.processed_df.T\n",
    "data.get_input_state(1).shape\n",
    "# data.processed_df#.shape, len(data.processed_df.index.unique())"
   ]
  },
  {
   "cell_type": "code",
   "execution_count": 158,
   "id": "f2937b08",
   "metadata": {},
   "outputs": [
    {
     "data": {
      "text/plain": [
       "DSM(\n",
       "  (act): Tanh()\n",
       "  (shape): ParameterList(\n",
       "      (0): Parameter containing: [torch.float32 of size 6]\n",
       "      (1): Parameter containing: [torch.float32 of size 6]\n",
       "      (2): Parameter containing: [torch.float32 of size 6]\n",
       "      (3): Parameter containing: [torch.float32 of size 6]\n",
       "  )\n",
       "  (scale): ParameterList(\n",
       "      (0): Parameter containing: [torch.float32 of size 6]\n",
       "      (1): Parameter containing: [torch.float32 of size 6]\n",
       "      (2): Parameter containing: [torch.float32 of size 6]\n",
       "      (3): Parameter containing: [torch.float32 of size 6]\n",
       "  )\n",
       "  (gate): ModuleList(\n",
       "    (0): Sequential(\n",
       "      (0): Linear(in_features=103, out_features=6, bias=False)\n",
       "    )\n",
       "    (1): Sequential(\n",
       "      (0): Linear(in_features=103, out_features=6, bias=False)\n",
       "    )\n",
       "    (2): Sequential(\n",
       "      (0): Linear(in_features=103, out_features=6, bias=False)\n",
       "    )\n",
       "    (3): Sequential(\n",
       "      (0): Linear(in_features=103, out_features=6, bias=False)\n",
       "    )\n",
       "  )\n",
       "  (scaleg): ModuleList(\n",
       "    (0): Sequential(\n",
       "      (0): Linear(in_features=103, out_features=6, bias=True)\n",
       "    )\n",
       "    (1): Sequential(\n",
       "      (0): Linear(in_features=103, out_features=6, bias=True)\n",
       "    )\n",
       "    (2): Sequential(\n",
       "      (0): Linear(in_features=103, out_features=6, bias=True)\n",
       "    )\n",
       "    (3): Sequential(\n",
       "      (0): Linear(in_features=103, out_features=6, bias=True)\n",
       "    )\n",
       "  )\n",
       "  (shapeg): ModuleList(\n",
       "    (0): Sequential(\n",
       "      (0): Linear(in_features=103, out_features=6, bias=False)\n",
       "    )\n",
       "    (1): Sequential(\n",
       "      (0): Linear(in_features=103, out_features=6, bias=False)\n",
       "    )\n",
       "    (2): Sequential(\n",
       "      (0): Linear(in_features=103, out_features=6, bias=False)\n",
       "    )\n",
       "    (3): Sequential(\n",
       "      (0): Linear(in_features=103, out_features=6, bias=False)\n",
       "    )\n",
       "  )\n",
       "  (embedding): Sequential(\n",
       "    (0): Linear(in_features=79, out_features=100, bias=False)\n",
       "    (1): Tanh()\n",
       "  )\n",
       "  (input_dropout): Dropout(p=0, inplace=False)\n",
       "  (embedding_dropout): Dropout(p=0.5, inplace=False)\n",
       "  (squish): LogSoftmax(dim=1)\n",
       ")"
      ]
     },
     "execution_count": 158,
     "metadata": {},
     "output_type": "execute_result"
    }
   ],
   "source": [
    "from Utils import *\n",
    "model1,model2,model3,smodel3 = load_transition_models()\n",
    "smodel3"
   ]
  },
  {
   "cell_type": "code",
   "execution_count": 192,
   "id": "b29d259b",
   "metadata": {},
   "outputs": [
    {
     "name": "stdout",
     "output_type": "stream",
     "text": [
      "tensor([19., 79.,  1.]) 147\n"
     ]
    },
    {
     "data": {
      "text/plain": [
       "(tensor([[1., 1., 0.],\n",
       "         [0., 0., 1.],\n",
       "         [0., 0., 0.],\n",
       "         [0., 0., 0.],\n",
       "         [0., 0., 0.],\n",
       "         [0., 1., 0.],\n",
       "         [0., 0., 0.],\n",
       "         [0., 1., 0.],\n",
       "         [0., 0., 0.],\n",
       "         [0., 1., 0.],\n",
       "         [0., 1., 0.],\n",
       "         [0., 0., 0.],\n",
       "         [0., 0., 0.],\n",
       "         [0., 1., 0.],\n",
       "         [0., 0., 0.],\n",
       "         [0., 1., 0.],\n",
       "         [0., 1., 0.],\n",
       "         [0., 1., 0.],\n",
       "         [0., 0., 0.],\n",
       "         [0., 0., 0.],\n",
       "         [0., 0., 0.],\n",
       "         [0., 1., 0.],\n",
       "         [0., 0., 0.],\n",
       "         [0., 1., 0.],\n",
       "         [0., 1., 0.],\n",
       "         [0., 1., 0.],\n",
       "         [0., 1., 0.],\n",
       "         [1., 1., 0.],\n",
       "         [0., 1., 0.],\n",
       "         [0., 1., 0.],\n",
       "         [0., 1., 0.],\n",
       "         [0., 1., 0.],\n",
       "         [0., 0., 0.],\n",
       "         [0., 0., 0.],\n",
       "         [0., 0., 0.],\n",
       "         [1., 1., 0.],\n",
       "         [0., 1., 0.],\n",
       "         [1., 1., 0.],\n",
       "         [1., 1., 0.],\n",
       "         [0., 1., 0.],\n",
       "         [0., 1., 0.],\n",
       "         [0., 0., 0.],\n",
       "         [0., 0., 0.],\n",
       "         [1., 0., 0.],\n",
       "         [0., 1., 0.],\n",
       "         [0., 1., 0.],\n",
       "         [0., 0., 0.],\n",
       "         [0., 0., 0.],\n",
       "         [0., 1., 0.],\n",
       "         [0., 0., 0.],\n",
       "         [1., 0., 0.],\n",
       "         [0., 0., 0.],\n",
       "         [0., 0., 0.],\n",
       "         [0., 1., 0.],\n",
       "         [0., 1., 0.],\n",
       "         [1., 1., 0.],\n",
       "         [0., 0., 0.],\n",
       "         [0., 0., 0.],\n",
       "         [0., 0., 0.],\n",
       "         [0., 1., 0.],\n",
       "         [0., 1., 0.],\n",
       "         [0., 0., 0.],\n",
       "         [0., 1., 0.],\n",
       "         [0., 0., 0.],\n",
       "         [0., 0., 0.],\n",
       "         [0., 1., 0.],\n",
       "         [0., 1., 0.],\n",
       "         [0., 1., 0.],\n",
       "         [0., 1., 0.],\n",
       "         [0., 0., 0.],\n",
       "         [0., 1., 0.],\n",
       "         [0., 0., 0.],\n",
       "         [0., 1., 0.],\n",
       "         [0., 1., 0.],\n",
       "         [0., 0., 0.],\n",
       "         [0., 0., 0.],\n",
       "         [1., 1., 0.],\n",
       "         [1., 1., 0.],\n",
       "         [0., 0., 0.],\n",
       "         [0., 0., 0.],\n",
       "         [0., 1., 0.],\n",
       "         [0., 0., 0.],\n",
       "         [1., 1., 0.],\n",
       "         [0., 0., 0.],\n",
       "         [1., 1., 0.],\n",
       "         [0., 1., 0.],\n",
       "         [0., 1., 0.],\n",
       "         [0., 1., 0.],\n",
       "         [0., 1., 0.],\n",
       "         [0., 0., 0.],\n",
       "         [0., 0., 0.],\n",
       "         [0., 1., 0.],\n",
       "         [1., 1., 0.],\n",
       "         [0., 1., 0.],\n",
       "         [0., 0., 0.],\n",
       "         [1., 1., 0.],\n",
       "         [0., 1., 0.],\n",
       "         [0., 0., 0.],\n",
       "         [0., 0., 0.],\n",
       "         [0., 0., 0.],\n",
       "         [0., 0., 0.],\n",
       "         [0., 1., 0.],\n",
       "         [0., 1., 0.],\n",
       "         [0., 0., 0.],\n",
       "         [0., 1., 0.],\n",
       "         [0., 0., 0.],\n",
       "         [0., 1., 0.],\n",
       "         [0., 0., 0.],\n",
       "         [0., 0., 0.],\n",
       "         [0., 1., 0.],\n",
       "         [1., 1., 0.],\n",
       "         [0., 1., 0.],\n",
       "         [0., 1., 0.],\n",
       "         [0., 0., 0.],\n",
       "         [0., 1., 0.],\n",
       "         [0., 0., 0.],\n",
       "         [0., 0., 0.],\n",
       "         [0., 0., 0.],\n",
       "         [0., 0., 0.],\n",
       "         [1., 1., 0.],\n",
       "         [0., 0., 0.],\n",
       "         [0., 0., 0.],\n",
       "         [0., 0., 0.],\n",
       "         [0., 1., 0.],\n",
       "         [0., 1., 0.],\n",
       "         [0., 1., 0.],\n",
       "         [1., 1., 0.],\n",
       "         [0., 1., 0.],\n",
       "         [0., 0., 0.],\n",
       "         [0., 0., 0.],\n",
       "         [0., 0., 0.],\n",
       "         [0., 1., 0.],\n",
       "         [1., 1., 0.],\n",
       "         [0., 1., 0.],\n",
       "         [0., 1., 0.],\n",
       "         [0., 0., 0.],\n",
       "         [0., 0., 0.],\n",
       "         [0., 1., 0.],\n",
       "         [0., 1., 0.],\n",
       "         [0., 0., 0.],\n",
       "         [0., 0., 0.],\n",
       "         [0., 0., 0.],\n",
       "         [0., 0., 0.],\n",
       "         [0., 1., 0.],\n",
       "         [1., 1., 0.],\n",
       "         [0., 0., 0.],\n",
       "         [0., 1., 0.]]),\n",
       " {'pd1': tensor([[9.9906e-01, 9.3773e-04, 2.1684e-26],\n",
       "          [0.0000e+00, 0.0000e+00, 3.3333e-01],\n",
       "          [0.0000e+00, 0.0000e+00, 3.3333e-01],\n",
       "          [0.0000e+00, 0.0000e+00, 3.3333e-01],\n",
       "          [0.0000e+00, 0.0000e+00, 3.3333e-01],\n",
       "          [0.0000e+00, 0.0000e+00, 3.3333e-01],\n",
       "          [0.0000e+00, 0.0000e+00, 3.3333e-01],\n",
       "          [0.0000e+00, 0.0000e+00, 3.3333e-01],\n",
       "          [0.0000e+00, 0.0000e+00, 3.3333e-01],\n",
       "          [0.0000e+00, 0.0000e+00, 3.3333e-01],\n",
       "          [0.0000e+00, 0.0000e+00, 3.3333e-01],\n",
       "          [0.0000e+00, 0.0000e+00, 3.3333e-01],\n",
       "          [0.0000e+00, 0.0000e+00, 3.3333e-01],\n",
       "          [0.0000e+00, 0.0000e+00, 3.3333e-01],\n",
       "          [0.0000e+00, 0.0000e+00, 3.3333e-01],\n",
       "          [0.0000e+00, 0.0000e+00, 3.3333e-01],\n",
       "          [0.0000e+00, 0.0000e+00, 3.3333e-01],\n",
       "          [0.0000e+00, 0.0000e+00, 3.3333e-01],\n",
       "          [0.0000e+00, 0.0000e+00, 3.3333e-01],\n",
       "          [0.0000e+00, 0.0000e+00, 3.3333e-01],\n",
       "          [0.0000e+00, 0.0000e+00, 3.3333e-01],\n",
       "          [0.0000e+00, 0.0000e+00, 3.3333e-01],\n",
       "          [0.0000e+00, 0.0000e+00, 3.3333e-01],\n",
       "          [0.0000e+00, 0.0000e+00, 3.3333e-01],\n",
       "          [0.0000e+00, 0.0000e+00, 3.3333e-01],\n",
       "          [0.0000e+00, 0.0000e+00, 3.3333e-01],\n",
       "          [0.0000e+00, 0.0000e+00, 3.3333e-01],\n",
       "          [7.4482e-01, 2.4814e-01, 7.0376e-03],\n",
       "          [0.0000e+00, 0.0000e+00, 3.3333e-01],\n",
       "          [0.0000e+00, 0.0000e+00, 3.3333e-01],\n",
       "          [0.0000e+00, 0.0000e+00, 3.3333e-01],\n",
       "          [0.0000e+00, 0.0000e+00, 3.3333e-01],\n",
       "          [0.0000e+00, 0.0000e+00, 3.3333e-01],\n",
       "          [0.0000e+00, 0.0000e+00, 3.3333e-01],\n",
       "          [0.0000e+00, 0.0000e+00, 3.3333e-01],\n",
       "          [9.8208e-01, 1.7920e-02, 8.6600e-26],\n",
       "          [0.0000e+00, 0.0000e+00, 3.3333e-01],\n",
       "          [7.7330e-01, 2.0924e-01, 1.7461e-02],\n",
       "          [6.0094e-01, 3.8780e-01, 1.1257e-02],\n",
       "          [0.0000e+00, 0.0000e+00, 3.3333e-01],\n",
       "          [0.0000e+00, 0.0000e+00, 3.3333e-01],\n",
       "          [0.0000e+00, 0.0000e+00, 3.3333e-01],\n",
       "          [0.0000e+00, 0.0000e+00, 3.3333e-01],\n",
       "          [7.7998e-02, 9.1913e-01, 2.8742e-03],\n",
       "          [0.0000e+00, 0.0000e+00, 3.3333e-01],\n",
       "          [0.0000e+00, 0.0000e+00, 3.3333e-01],\n",
       "          [0.0000e+00, 0.0000e+00, 3.3333e-01],\n",
       "          [0.0000e+00, 0.0000e+00, 3.3333e-01],\n",
       "          [0.0000e+00, 0.0000e+00, 3.3333e-01],\n",
       "          [0.0000e+00, 0.0000e+00, 3.3333e-01],\n",
       "          [4.5066e-01, 5.4254e-01, 6.8048e-03],\n",
       "          [0.0000e+00, 0.0000e+00, 3.3333e-01],\n",
       "          [0.0000e+00, 0.0000e+00, 3.3333e-01],\n",
       "          [0.0000e+00, 0.0000e+00, 3.3333e-01],\n",
       "          [0.0000e+00, 0.0000e+00, 3.3333e-01],\n",
       "          [9.5384e-02, 8.9334e-01, 1.1275e-02],\n",
       "          [0.0000e+00, 0.0000e+00, 3.3333e-01],\n",
       "          [0.0000e+00, 0.0000e+00, 3.3333e-01],\n",
       "          [0.0000e+00, 0.0000e+00, 3.3333e-01],\n",
       "          [0.0000e+00, 0.0000e+00, 3.3333e-01],\n",
       "          [0.0000e+00, 0.0000e+00, 3.3333e-01],\n",
       "          [0.0000e+00, 0.0000e+00, 3.3333e-01],\n",
       "          [0.0000e+00, 0.0000e+00, 3.3333e-01],\n",
       "          [0.0000e+00, 0.0000e+00, 3.3333e-01],\n",
       "          [0.0000e+00, 0.0000e+00, 3.3333e-01],\n",
       "          [0.0000e+00, 0.0000e+00, 3.3333e-01],\n",
       "          [0.0000e+00, 0.0000e+00, 3.3333e-01],\n",
       "          [0.0000e+00, 0.0000e+00, 3.3333e-01],\n",
       "          [0.0000e+00, 0.0000e+00, 3.3333e-01],\n",
       "          [0.0000e+00, 0.0000e+00, 3.3333e-01],\n",
       "          [0.0000e+00, 0.0000e+00, 3.3333e-01],\n",
       "          [0.0000e+00, 0.0000e+00, 3.3333e-01],\n",
       "          [0.0000e+00, 0.0000e+00, 3.3333e-01],\n",
       "          [0.0000e+00, 0.0000e+00, 3.3333e-01],\n",
       "          [0.0000e+00, 0.0000e+00, 3.3333e-01],\n",
       "          [0.0000e+00, 0.0000e+00, 3.3333e-01],\n",
       "          [2.4838e-03, 9.9701e-01, 5.0394e-04],\n",
       "          [8.7578e-02, 9.0313e-01, 9.2939e-03],\n",
       "          [0.0000e+00, 0.0000e+00, 3.3333e-01],\n",
       "          [0.0000e+00, 0.0000e+00, 3.3333e-01],\n",
       "          [0.0000e+00, 0.0000e+00, 3.3333e-01],\n",
       "          [0.0000e+00, 0.0000e+00, 3.3333e-01],\n",
       "          [3.6667e-01, 6.1371e-01, 1.9622e-02],\n",
       "          [0.0000e+00, 0.0000e+00, 3.3333e-01],\n",
       "          [8.6300e-01, 1.3389e-01, 3.1060e-03],\n",
       "          [0.0000e+00, 0.0000e+00, 3.3333e-01],\n",
       "          [0.0000e+00, 0.0000e+00, 3.3333e-01],\n",
       "          [0.0000e+00, 0.0000e+00, 3.3333e-01],\n",
       "          [0.0000e+00, 0.0000e+00, 3.3333e-01],\n",
       "          [0.0000e+00, 0.0000e+00, 3.3333e-01],\n",
       "          [0.0000e+00, 0.0000e+00, 3.3333e-01],\n",
       "          [0.0000e+00, 0.0000e+00, 3.3333e-01],\n",
       "          [2.6831e-01, 7.1474e-01, 1.6952e-02],\n",
       "          [0.0000e+00, 0.0000e+00, 3.3333e-01],\n",
       "          [0.0000e+00, 0.0000e+00, 3.3333e-01],\n",
       "          [1.2367e-01, 8.7044e-01, 5.8930e-03],\n",
       "          [0.0000e+00, 0.0000e+00, 3.3333e-01],\n",
       "          [0.0000e+00, 0.0000e+00, 3.3333e-01],\n",
       "          [0.0000e+00, 0.0000e+00, 3.3333e-01],\n",
       "          [0.0000e+00, 0.0000e+00, 3.3333e-01],\n",
       "          [0.0000e+00, 0.0000e+00, 3.3333e-01],\n",
       "          [0.0000e+00, 0.0000e+00, 3.3333e-01],\n",
       "          [0.0000e+00, 0.0000e+00, 3.3333e-01],\n",
       "          [0.0000e+00, 0.0000e+00, 3.3333e-01],\n",
       "          [0.0000e+00, 0.0000e+00, 3.3333e-01],\n",
       "          [0.0000e+00, 0.0000e+00, 3.3333e-01],\n",
       "          [0.0000e+00, 0.0000e+00, 3.3333e-01],\n",
       "          [0.0000e+00, 0.0000e+00, 3.3333e-01],\n",
       "          [0.0000e+00, 0.0000e+00, 3.3333e-01],\n",
       "          [0.0000e+00, 0.0000e+00, 3.3333e-01],\n",
       "          [1.4404e-01, 8.4511e-01, 1.0851e-02],\n",
       "          [0.0000e+00, 0.0000e+00, 3.3333e-01],\n",
       "          [0.0000e+00, 0.0000e+00, 3.3333e-01],\n",
       "          [0.0000e+00, 0.0000e+00, 3.3333e-01],\n",
       "          [0.0000e+00, 0.0000e+00, 3.3333e-01],\n",
       "          [0.0000e+00, 0.0000e+00, 3.3333e-01],\n",
       "          [0.0000e+00, 0.0000e+00, 3.3333e-01],\n",
       "          [0.0000e+00, 0.0000e+00, 3.3333e-01],\n",
       "          [0.0000e+00, 0.0000e+00, 3.3333e-01],\n",
       "          [1.7139e-01, 8.1631e-01, 1.2301e-02],\n",
       "          [0.0000e+00, 0.0000e+00, 3.3333e-01],\n",
       "          [0.0000e+00, 0.0000e+00, 3.3333e-01],\n",
       "          [0.0000e+00, 0.0000e+00, 3.3333e-01],\n",
       "          [0.0000e+00, 0.0000e+00, 3.3333e-01],\n",
       "          [0.0000e+00, 0.0000e+00, 3.3333e-01],\n",
       "          [0.0000e+00, 0.0000e+00, 3.3333e-01],\n",
       "          [5.6724e-02, 9.3835e-01, 4.9307e-03],\n",
       "          [0.0000e+00, 0.0000e+00, 3.3333e-01],\n",
       "          [0.0000e+00, 0.0000e+00, 3.3333e-01],\n",
       "          [0.0000e+00, 0.0000e+00, 3.3333e-01],\n",
       "          [0.0000e+00, 0.0000e+00, 3.3333e-01],\n",
       "          [0.0000e+00, 0.0000e+00, 3.3333e-01],\n",
       "          [4.2038e-01, 5.6089e-01, 1.8735e-02],\n",
       "          [0.0000e+00, 0.0000e+00, 3.3333e-01],\n",
       "          [0.0000e+00, 0.0000e+00, 3.3333e-01],\n",
       "          [0.0000e+00, 0.0000e+00, 3.3333e-01],\n",
       "          [0.0000e+00, 0.0000e+00, 3.3333e-01],\n",
       "          [0.0000e+00, 0.0000e+00, 3.3333e-01],\n",
       "          [0.0000e+00, 0.0000e+00, 3.3333e-01],\n",
       "          [0.0000e+00, 0.0000e+00, 3.3333e-01],\n",
       "          [0.0000e+00, 0.0000e+00, 3.3333e-01],\n",
       "          [0.0000e+00, 0.0000e+00, 3.3333e-01],\n",
       "          [0.0000e+00, 0.0000e+00, 3.3333e-01],\n",
       "          [0.0000e+00, 0.0000e+00, 3.3333e-01],\n",
       "          [4.0001e-01, 5.8889e-01, 1.1095e-02],\n",
       "          [0.0000e+00, 0.0000e+00, 3.3333e-01],\n",
       "          [0.0000e+00, 0.0000e+00, 3.3333e-01]], grad_fn=<CopySlices>),\n",
       "  'nd1': tensor([[1.4860e-38, 1.0000e+00, 1.4860e-38],\n",
       "          [0.0000e+00, 0.0000e+00, 3.3333e-01],\n",
       "          [0.0000e+00, 0.0000e+00, 3.3333e-01],\n",
       "          [0.0000e+00, 0.0000e+00, 3.3333e-01],\n",
       "          [0.0000e+00, 0.0000e+00, 3.3333e-01],\n",
       "          [0.0000e+00, 0.0000e+00, 3.3333e-01],\n",
       "          [0.0000e+00, 0.0000e+00, 3.3333e-01],\n",
       "          [0.0000e+00, 0.0000e+00, 3.3333e-01],\n",
       "          [0.0000e+00, 0.0000e+00, 3.3333e-01],\n",
       "          [0.0000e+00, 0.0000e+00, 3.3333e-01],\n",
       "          [0.0000e+00, 0.0000e+00, 3.3333e-01],\n",
       "          [0.0000e+00, 0.0000e+00, 3.3333e-01],\n",
       "          [0.0000e+00, 0.0000e+00, 3.3333e-01],\n",
       "          [0.0000e+00, 0.0000e+00, 3.3333e-01],\n",
       "          [0.0000e+00, 0.0000e+00, 3.3333e-01],\n",
       "          [0.0000e+00, 0.0000e+00, 3.3333e-01],\n",
       "          [0.0000e+00, 0.0000e+00, 3.3333e-01],\n",
       "          [0.0000e+00, 0.0000e+00, 3.3333e-01],\n",
       "          [0.0000e+00, 0.0000e+00, 3.3333e-01],\n",
       "          [0.0000e+00, 0.0000e+00, 3.3333e-01],\n",
       "          [0.0000e+00, 0.0000e+00, 3.3333e-01],\n",
       "          [0.0000e+00, 0.0000e+00, 3.3333e-01],\n",
       "          [0.0000e+00, 0.0000e+00, 3.3333e-01],\n",
       "          [0.0000e+00, 0.0000e+00, 3.3333e-01],\n",
       "          [0.0000e+00, 0.0000e+00, 3.3333e-01],\n",
       "          [0.0000e+00, 0.0000e+00, 3.3333e-01],\n",
       "          [0.0000e+00, 0.0000e+00, 3.3333e-01],\n",
       "          [1.8943e-03, 9.9627e-01, 1.8403e-03],\n",
       "          [0.0000e+00, 0.0000e+00, 3.3333e-01],\n",
       "          [0.0000e+00, 0.0000e+00, 3.3333e-01],\n",
       "          [0.0000e+00, 0.0000e+00, 3.3333e-01],\n",
       "          [0.0000e+00, 0.0000e+00, 3.3333e-01],\n",
       "          [0.0000e+00, 0.0000e+00, 3.3333e-01],\n",
       "          [0.0000e+00, 0.0000e+00, 3.3333e-01],\n",
       "          [0.0000e+00, 0.0000e+00, 3.3333e-01],\n",
       "          [1.7654e-38, 1.0000e+00, 1.7654e-38],\n",
       "          [0.0000e+00, 0.0000e+00, 3.3333e-01],\n",
       "          [5.6885e-03, 9.8871e-01, 5.5982e-03],\n",
       "          [2.7378e-03, 9.9455e-01, 2.7086e-03],\n",
       "          [0.0000e+00, 0.0000e+00, 3.3333e-01],\n",
       "          [0.0000e+00, 0.0000e+00, 3.3333e-01],\n",
       "          [0.0000e+00, 0.0000e+00, 3.3333e-01],\n",
       "          [0.0000e+00, 0.0000e+00, 3.3333e-01],\n",
       "          [6.1012e-04, 9.9879e-01, 5.9927e-04],\n",
       "          [0.0000e+00, 0.0000e+00, 3.3333e-01],\n",
       "          [0.0000e+00, 0.0000e+00, 3.3333e-01],\n",
       "          [0.0000e+00, 0.0000e+00, 3.3333e-01],\n",
       "          [0.0000e+00, 0.0000e+00, 3.3333e-01],\n",
       "          [0.0000e+00, 0.0000e+00, 3.3333e-01],\n",
       "          [0.0000e+00, 0.0000e+00, 3.3333e-01],\n",
       "          [1.3572e-03, 9.9728e-01, 1.3625e-03],\n",
       "          [0.0000e+00, 0.0000e+00, 3.3333e-01],\n",
       "          [0.0000e+00, 0.0000e+00, 3.3333e-01],\n",
       "          [0.0000e+00, 0.0000e+00, 3.3333e-01],\n",
       "          [0.0000e+00, 0.0000e+00, 3.3333e-01],\n",
       "          [6.8287e-03, 9.8644e-01, 6.7290e-03],\n",
       "          [0.0000e+00, 0.0000e+00, 3.3333e-01],\n",
       "          [0.0000e+00, 0.0000e+00, 3.3333e-01],\n",
       "          [0.0000e+00, 0.0000e+00, 3.3333e-01],\n",
       "          [0.0000e+00, 0.0000e+00, 3.3333e-01],\n",
       "          [0.0000e+00, 0.0000e+00, 3.3333e-01],\n",
       "          [0.0000e+00, 0.0000e+00, 3.3333e-01],\n",
       "          [0.0000e+00, 0.0000e+00, 3.3333e-01],\n",
       "          [0.0000e+00, 0.0000e+00, 3.3333e-01],\n",
       "          [0.0000e+00, 0.0000e+00, 3.3333e-01],\n",
       "          [0.0000e+00, 0.0000e+00, 3.3333e-01],\n",
       "          [0.0000e+00, 0.0000e+00, 3.3333e-01],\n",
       "          [0.0000e+00, 0.0000e+00, 3.3333e-01],\n",
       "          [0.0000e+00, 0.0000e+00, 3.3333e-01],\n",
       "          [0.0000e+00, 0.0000e+00, 3.3333e-01],\n",
       "          [0.0000e+00, 0.0000e+00, 3.3333e-01],\n",
       "          [0.0000e+00, 0.0000e+00, 3.3333e-01],\n",
       "          [0.0000e+00, 0.0000e+00, 3.3333e-01],\n",
       "          [0.0000e+00, 0.0000e+00, 3.3333e-01],\n",
       "          [0.0000e+00, 0.0000e+00, 3.3333e-01],\n",
       "          [0.0000e+00, 0.0000e+00, 3.3333e-01],\n",
       "          [9.1299e-04, 9.9817e-01, 9.1219e-04],\n",
       "          [4.5776e-03, 9.9087e-01, 4.5565e-03],\n",
       "          [0.0000e+00, 0.0000e+00, 3.3333e-01],\n",
       "          [0.0000e+00, 0.0000e+00, 3.3333e-01],\n",
       "          [0.0000e+00, 0.0000e+00, 3.3333e-01],\n",
       "          [0.0000e+00, 0.0000e+00, 3.3333e-01],\n",
       "          [5.6558e-03, 9.8868e-01, 5.6598e-03],\n",
       "          [0.0000e+00, 0.0000e+00, 3.3333e-01],\n",
       "          [7.5785e-04, 9.9850e-01, 7.3755e-04],\n",
       "          [0.0000e+00, 0.0000e+00, 3.3333e-01],\n",
       "          [0.0000e+00, 0.0000e+00, 3.3333e-01],\n",
       "          [0.0000e+00, 0.0000e+00, 3.3333e-01],\n",
       "          [0.0000e+00, 0.0000e+00, 3.3333e-01],\n",
       "          [0.0000e+00, 0.0000e+00, 3.3333e-01],\n",
       "          [0.0000e+00, 0.0000e+00, 3.3333e-01],\n",
       "          [0.0000e+00, 0.0000e+00, 3.3333e-01],\n",
       "          [6.2516e-03, 9.8758e-01, 6.1648e-03],\n",
       "          [0.0000e+00, 0.0000e+00, 3.3333e-01],\n",
       "          [0.0000e+00, 0.0000e+00, 3.3333e-01],\n",
       "          [1.1743e-03, 9.9766e-01, 1.1655e-03],\n",
       "          [0.0000e+00, 0.0000e+00, 3.3333e-01],\n",
       "          [0.0000e+00, 0.0000e+00, 3.3333e-01],\n",
       "          [0.0000e+00, 0.0000e+00, 3.3333e-01],\n",
       "          [0.0000e+00, 0.0000e+00, 3.3333e-01],\n",
       "          [0.0000e+00, 0.0000e+00, 3.3333e-01],\n",
       "          [0.0000e+00, 0.0000e+00, 3.3333e-01],\n",
       "          [0.0000e+00, 0.0000e+00, 3.3333e-01],\n",
       "          [0.0000e+00, 0.0000e+00, 3.3333e-01],\n",
       "          [0.0000e+00, 0.0000e+00, 3.3333e-01],\n",
       "          [0.0000e+00, 0.0000e+00, 3.3333e-01],\n",
       "          [0.0000e+00, 0.0000e+00, 3.3333e-01],\n",
       "          [0.0000e+00, 0.0000e+00, 3.3333e-01],\n",
       "          [0.0000e+00, 0.0000e+00, 3.3333e-01],\n",
       "          [0.0000e+00, 0.0000e+00, 3.3333e-01],\n",
       "          [3.9960e-03, 9.9204e-01, 3.9618e-03],\n",
       "          [0.0000e+00, 0.0000e+00, 3.3333e-01],\n",
       "          [0.0000e+00, 0.0000e+00, 3.3333e-01],\n",
       "          [0.0000e+00, 0.0000e+00, 3.3333e-01],\n",
       "          [0.0000e+00, 0.0000e+00, 3.3333e-01],\n",
       "          [0.0000e+00, 0.0000e+00, 3.3333e-01],\n",
       "          [0.0000e+00, 0.0000e+00, 3.3333e-01],\n",
       "          [0.0000e+00, 0.0000e+00, 3.3333e-01],\n",
       "          [0.0000e+00, 0.0000e+00, 3.3333e-01],\n",
       "          [4.4603e-03, 9.9116e-01, 4.3815e-03],\n",
       "          [0.0000e+00, 0.0000e+00, 3.3333e-01],\n",
       "          [0.0000e+00, 0.0000e+00, 3.3333e-01],\n",
       "          [0.0000e+00, 0.0000e+00, 3.3333e-01],\n",
       "          [0.0000e+00, 0.0000e+00, 3.3333e-01],\n",
       "          [0.0000e+00, 0.0000e+00, 3.3333e-01],\n",
       "          [0.0000e+00, 0.0000e+00, 3.3333e-01],\n",
       "          [3.7327e-03, 9.9261e-01, 3.6594e-03],\n",
       "          [0.0000e+00, 0.0000e+00, 3.3333e-01],\n",
       "          [0.0000e+00, 0.0000e+00, 3.3333e-01],\n",
       "          [0.0000e+00, 0.0000e+00, 3.3333e-01],\n",
       "          [0.0000e+00, 0.0000e+00, 3.3333e-01],\n",
       "          [0.0000e+00, 0.0000e+00, 3.3333e-01],\n",
       "          [4.9181e-03, 9.9018e-01, 4.8989e-03],\n",
       "          [0.0000e+00, 0.0000e+00, 3.3333e-01],\n",
       "          [0.0000e+00, 0.0000e+00, 3.3333e-01],\n",
       "          [0.0000e+00, 0.0000e+00, 3.3333e-01],\n",
       "          [0.0000e+00, 0.0000e+00, 3.3333e-01],\n",
       "          [0.0000e+00, 0.0000e+00, 3.3333e-01],\n",
       "          [0.0000e+00, 0.0000e+00, 3.3333e-01],\n",
       "          [0.0000e+00, 0.0000e+00, 3.3333e-01],\n",
       "          [0.0000e+00, 0.0000e+00, 3.3333e-01],\n",
       "          [0.0000e+00, 0.0000e+00, 3.3333e-01],\n",
       "          [0.0000e+00, 0.0000e+00, 3.3333e-01],\n",
       "          [0.0000e+00, 0.0000e+00, 3.3333e-01],\n",
       "          [2.9339e-03, 9.9419e-01, 2.8776e-03],\n",
       "          [0.0000e+00, 0.0000e+00, 3.3333e-01],\n",
       "          [0.0000e+00, 0.0000e+00, 3.3333e-01]], grad_fn=<CopySlices>),\n",
       "  'nd2': tensor([[9.8386e-01, 1.5858e-02, 2.8070e-04],\n",
       "          [8.4328e-01, 1.5671e-01, 5.3298e-06],\n",
       "          [7.4203e-01, 2.5728e-01, 6.8109e-04],\n",
       "          [7.4908e-01, 2.4683e-01, 4.0813e-03],\n",
       "          [7.7093e-01, 2.2430e-01, 4.7723e-03],\n",
       "          [4.5771e-01, 5.3868e-01, 3.6057e-03],\n",
       "          [5.3750e-01, 4.6202e-01, 4.8001e-04],\n",
       "          [3.2533e-01, 6.7206e-01, 2.6114e-03],\n",
       "          [7.1889e-01, 2.7859e-01, 2.5187e-03],\n",
       "          [3.1903e-01, 6.7553e-01, 5.4378e-03],\n",
       "          [3.1246e-01, 6.8299e-01, 4.5515e-03],\n",
       "          [7.4597e-01, 2.5365e-01, 3.7563e-04],\n",
       "          [3.9753e-01, 5.9738e-01, 5.0922e-03],\n",
       "          [2.9082e-01, 7.0640e-01, 2.7839e-03],\n",
       "          [6.5742e-01, 3.3741e-01, 5.1778e-03],\n",
       "          [5.2470e-01, 4.7038e-01, 4.9246e-03],\n",
       "          [6.7628e-01, 3.2364e-01, 7.3570e-05],\n",
       "          [6.0739e-01, 3.8720e-01, 5.4126e-03],\n",
       "          [3.6970e-01, 6.2657e-01, 3.7252e-03],\n",
       "          [4.9761e-01, 4.9996e-01, 2.4263e-03],\n",
       "          [7.9082e-01, 2.0511e-01, 4.0699e-03],\n",
       "          [5.4428e-01, 4.5131e-01, 4.4083e-03],\n",
       "          [6.7224e-01, 3.2202e-01, 5.7383e-03],\n",
       "          [6.9160e-01, 3.0801e-01, 3.9784e-04],\n",
       "          [1.5971e-01, 8.4029e-01, 1.9486e-06],\n",
       "          [6.6420e-01, 3.3279e-01, 3.0084e-03],\n",
       "          [2.0657e-01, 7.9342e-01, 2.1137e-06],\n",
       "          [6.7173e-01, 3.2777e-01, 4.9918e-04],\n",
       "          [4.0163e-01, 5.9361e-01, 4.7629e-03],\n",
       "          [4.1012e-01, 5.8568e-01, 4.1929e-03],\n",
       "          [3.1307e-01, 6.8352e-01, 3.4114e-03],\n",
       "          [5.4061e-01, 4.5032e-01, 9.0714e-03],\n",
       "          [4.1003e-01, 5.8569e-01, 4.2800e-03],\n",
       "          [6.6125e-01, 3.3430e-01, 4.4561e-03],\n",
       "          [6.1869e-01, 3.7998e-01, 1.3284e-03],\n",
       "          [9.7124e-01, 2.8398e-02, 3.6692e-04],\n",
       "          [5.1631e-01, 4.7800e-01, 5.6880e-03],\n",
       "          [7.4963e-01, 2.4528e-01, 5.0932e-03],\n",
       "          [3.6792e-01, 6.2867e-01, 3.4081e-03],\n",
       "          [3.9175e-01, 6.0482e-01, 3.4301e-03],\n",
       "          [5.9049e-01, 4.0256e-01, 6.9512e-03],\n",
       "          [9.1603e-01, 8.3965e-02, 8.5255e-06],\n",
       "          [7.5597e-01, 2.4130e-01, 2.7305e-03],\n",
       "          [8.3705e-01, 1.6259e-01, 3.6379e-04],\n",
       "          [4.1972e-01, 5.7704e-01, 3.2415e-03],\n",
       "          [7.1296e-01, 2.8656e-01, 4.8027e-04],\n",
       "          [8.2658e-01, 1.7033e-01, 3.0865e-03],\n",
       "          [3.7670e-01, 6.2189e-01, 1.4111e-03],\n",
       "          [4.8267e-01, 5.1065e-01, 6.6832e-03],\n",
       "          [4.8292e-01, 5.1230e-01, 4.7819e-03],\n",
       "          [7.2372e-01, 2.7565e-01, 6.2551e-04],\n",
       "          [6.7999e-01, 3.1141e-01, 8.5974e-03],\n",
       "          [9.1360e-01, 8.4451e-02, 1.9493e-03],\n",
       "          [4.3909e-01, 5.5478e-01, 6.1312e-03],\n",
       "          [4.2285e-01, 5.7286e-01, 4.2875e-03],\n",
       "          [5.4032e-01, 4.5024e-01, 9.4466e-03],\n",
       "          [8.0353e-01, 1.9267e-01, 3.8058e-03],\n",
       "          [4.1701e-01, 5.7827e-01, 4.7242e-03],\n",
       "          [9.3535e-01, 6.4642e-02, 2.8986e-06],\n",
       "          [4.3554e-01, 5.5838e-01, 6.0785e-03],\n",
       "          [3.7254e-01, 6.2307e-01, 4.3936e-03],\n",
       "          [5.2450e-01, 4.7098e-01, 4.5247e-03],\n",
       "          [3.3065e-01, 6.6520e-01, 4.1470e-03],\n",
       "          [3.9869e-01, 5.9813e-01, 3.1758e-03],\n",
       "          [1.2534e-01, 8.7466e-01, 2.7052e-06],\n",
       "          [3.0144e-01, 6.9582e-01, 2.7408e-03],\n",
       "          [3.4016e-01, 6.5555e-01, 4.2910e-03],\n",
       "          [4.2343e-01, 5.7140e-01, 5.1675e-03],\n",
       "          [5.2151e-01, 4.7130e-01, 7.1866e-03],\n",
       "          [5.4002e-01, 4.5526e-01, 4.7274e-03],\n",
       "          [3.8607e-01, 6.0908e-01, 4.8551e-03],\n",
       "          [7.7153e-01, 2.2307e-01, 5.3960e-03],\n",
       "          [3.8032e-01, 6.1531e-01, 4.3675e-03],\n",
       "          [4.6109e-01, 5.3541e-01, 3.5012e-03],\n",
       "          [7.8700e-01, 2.1131e-01, 1.6976e-03],\n",
       "          [4.3005e-01, 5.6788e-01, 2.0719e-03],\n",
       "          [5.0434e-01, 4.9465e-01, 1.0109e-03],\n",
       "          [5.1940e-01, 4.7268e-01, 7.9233e-03],\n",
       "          [4.2598e-01, 5.7272e-01, 1.3049e-03],\n",
       "          [5.3819e-01, 4.5928e-01, 2.5309e-03],\n",
       "          [4.3333e-01, 5.6316e-01, 3.5115e-03],\n",
       "          [7.1421e-01, 2.8172e-01, 4.0634e-03],\n",
       "          [6.7262e-01, 3.2102e-01, 6.3586e-03],\n",
       "          [4.6503e-01, 5.3255e-01, 2.4151e-03],\n",
       "          [8.8920e-01, 1.1046e-01, 3.4043e-04],\n",
       "          [2.8876e-01, 7.0880e-01, 2.4372e-03],\n",
       "          [6.0035e-01, 3.9691e-01, 2.7375e-03],\n",
       "          [2.0244e-01, 7.9666e-01, 8.9372e-04],\n",
       "          [3.4377e-01, 6.5362e-01, 2.6037e-03],\n",
       "          [9.6671e-01, 3.2846e-02, 4.4359e-04],\n",
       "          [3.7823e-01, 6.1840e-01, 3.3648e-03],\n",
       "          [2.7646e-01, 7.2119e-01, 2.3512e-03],\n",
       "          [5.6122e-01, 4.3144e-01, 7.3387e-03],\n",
       "          [3.4361e-01, 6.5378e-01, 2.6124e-03],\n",
       "          [6.6281e-01, 3.3688e-01, 3.0861e-04],\n",
       "          [7.6382e-01, 2.3429e-01, 1.8922e-03],\n",
       "          [4.2164e-01, 5.7215e-01, 6.2073e-03],\n",
       "          [8.0611e-01, 1.9356e-01, 3.3043e-04],\n",
       "          [3.8876e-01, 6.0717e-01, 4.0670e-03],\n",
       "          [5.8754e-01, 4.1069e-01, 1.7674e-03],\n",
       "          [5.0090e-01, 4.9572e-01, 3.3800e-03],\n",
       "          [4.3001e-01, 5.6390e-01, 6.0950e-03],\n",
       "          [5.2255e-01, 4.6849e-01, 8.9570e-03],\n",
       "          [6.2736e-01, 3.7229e-01, 3.4616e-04],\n",
       "          [4.0506e-01, 5.8957e-01, 5.3634e-03],\n",
       "          [7.3218e-01, 2.5989e-01, 7.9352e-03],\n",
       "          [5.0079e-01, 4.9353e-01, 5.6740e-03],\n",
       "          [7.1597e-01, 2.8099e-01, 3.0322e-03],\n",
       "          [3.2543e-01, 6.7186e-01, 2.7083e-03],\n",
       "          [4.2073e-01, 5.7504e-01, 4.2223e-03],\n",
       "          [5.5815e-01, 4.3625e-01, 5.6087e-03],\n",
       "          [4.3920e-01, 5.5563e-01, 5.1660e-03],\n",
       "          [3.4084e-01, 6.5366e-01, 5.4921e-03],\n",
       "          [9.1693e-01, 8.2191e-02, 8.7498e-04],\n",
       "          [4.7362e-01, 5.1897e-01, 7.4192e-03],\n",
       "          [5.3183e-01, 4.6436e-01, 3.8057e-03],\n",
       "          [3.2847e-01, 6.6821e-01, 3.3216e-03],\n",
       "          [4.4230e-01, 5.5274e-01, 4.9600e-03],\n",
       "          [4.3369e-01, 5.6384e-01, 2.4630e-03],\n",
       "          [4.9127e-01, 5.0062e-01, 8.1133e-03],\n",
       "          [7.9216e-01, 2.0536e-01, 2.4822e-03],\n",
       "          [8.4953e-01, 1.4738e-01, 3.0987e-03],\n",
       "          [6.3506e-01, 3.5754e-01, 7.4040e-03],\n",
       "          [4.8151e-01, 5.1179e-01, 6.6983e-03],\n",
       "          [4.8100e-01, 5.1272e-01, 6.2804e-03],\n",
       "          [3.6948e-01, 6.2654e-01, 3.9869e-03],\n",
       "          [3.2455e-01, 6.7330e-01, 2.1469e-03],\n",
       "          [6.6099e-01, 3.3863e-01, 3.7570e-04],\n",
       "          [5.9484e-01, 4.0388e-01, 1.2812e-03],\n",
       "          [3.8816e-01, 6.0914e-01, 2.7040e-03],\n",
       "          [5.9625e-01, 4.0156e-01, 2.1817e-03],\n",
       "          [4.2668e-01, 5.6920e-01, 4.1110e-03],\n",
       "          [6.6110e-01, 3.3416e-01, 4.7383e-03],\n",
       "          [3.9772e-01, 5.9583e-01, 6.4511e-03],\n",
       "          [3.2602e-01, 6.6834e-01, 5.6367e-03],\n",
       "          [7.3136e-01, 2.6456e-01, 4.0877e-03],\n",
       "          [6.7859e-01, 3.1306e-01, 8.3519e-03],\n",
       "          [4.6523e-01, 5.2860e-01, 6.1708e-03],\n",
       "          [2.7646e-01, 7.1882e-01, 4.7212e-03],\n",
       "          [8.2095e-01, 1.7429e-01, 4.7593e-03],\n",
       "          [4.6750e-01, 5.2771e-01, 4.7835e-03],\n",
       "          [6.0760e-01, 3.8632e-01, 6.0793e-03],\n",
       "          [2.0784e-01, 7.9216e-01, 3.6109e-06],\n",
       "          [5.7638e-01, 4.2245e-01, 1.1644e-03],\n",
       "          [5.6237e-01, 4.3094e-01, 6.6901e-03],\n",
       "          [8.1956e-01, 1.7784e-01, 2.6014e-03],\n",
       "          [6.3514e-01, 3.5965e-01, 5.2059e-03]], grad_fn=<CopySlices>),\n",
       "  'pd2': tensor([[9.9999e-01, 6.7606e-06, 6.7568e-06],\n",
       "          [1.0000e+00, 1.4080e-10, 1.4079e-10],\n",
       "          [1.0000e+00, 2.0708e-06, 2.0695e-06],\n",
       "          [9.9982e-01, 8.8775e-05, 8.8438e-05],\n",
       "          [9.9975e-01, 1.2461e-04, 1.2419e-04],\n",
       "          [9.9990e-01, 5.2425e-05, 5.2337e-05],\n",
       "          [1.0000e+00, 8.6569e-07, 8.6544e-07],\n",
       "          [9.9993e-01, 3.2696e-05, 3.2629e-05],\n",
       "          [9.9994e-01, 2.8346e-05, 2.8303e-05],\n",
       "          [9.9970e-01, 1.5232e-04, 1.5162e-04],\n",
       "          [9.9978e-01, 1.0936e-04, 1.0889e-04],\n",
       "          [1.0000e+00, 6.4970e-07, 6.4953e-07],\n",
       "          [9.9980e-01, 9.9939e-05, 9.9683e-05],\n",
       "          [9.9992e-01, 4.0809e-05, 4.0726e-05],\n",
       "          [9.9975e-01, 1.2476e-04, 1.2427e-04],\n",
       "          [9.9978e-01, 1.1235e-04, 1.1197e-04],\n",
       "          [1.0000e+00, 3.4940e-08, 3.4938e-08],\n",
       "          [9.9976e-01, 1.2112e-04, 1.2078e-04],\n",
       "          [9.9988e-01, 6.0030e-05, 5.9904e-05],\n",
       "          [9.9995e-01, 2.3462e-05, 2.3422e-05],\n",
       "          [9.9976e-01, 1.2265e-04, 1.2224e-04],\n",
       "          [9.9983e-01, 8.3217e-05, 8.2990e-05],\n",
       "          [9.9970e-01, 1.4823e-04, 1.4761e-04],\n",
       "          [1.0000e+00, 1.0970e-06, 1.0963e-06],\n",
       "          [1.0000e+00, 2.4952e-11, 2.4952e-11],\n",
       "          [9.9991e-01, 4.6907e-05, 4.6784e-05],\n",
       "          [1.0000e+00, 2.7363e-11, 2.7363e-11],\n",
       "          [1.0000e+00, 1.2857e-06, 1.2853e-06],\n",
       "          [9.9982e-01, 9.0996e-05, 9.0700e-05],\n",
       "          [9.9985e-01, 7.7361e-05, 7.7177e-05],\n",
       "          [9.9988e-01, 5.7762e-05, 5.7635e-05],\n",
       "          [9.9926e-01, 3.7270e-04, 3.7019e-04],\n",
       "          [9.9985e-01, 7.6476e-05, 7.6305e-05],\n",
       "          [9.9981e-01, 9.6395e-05, 9.6077e-05],\n",
       "          [9.9999e-01, 7.1581e-06, 7.1520e-06],\n",
       "          [9.9999e-01, 6.2443e-06, 6.2396e-06],\n",
       "          [9.9971e-01, 1.4507e-04, 1.4443e-04],\n",
       "          [9.9966e-01, 1.6943e-04, 1.6877e-04],\n",
       "          [9.9989e-01, 5.2734e-05, 5.2579e-05],\n",
       "          [9.9989e-01, 5.2851e-05, 5.2731e-05],\n",
       "          [9.9955e-01, 2.2571e-04, 2.2467e-04],\n",
       "          [1.0000e+00, 6.0589e-10, 6.0588e-10],\n",
       "          [9.9991e-01, 4.3763e-05, 4.3683e-05],\n",
       "          [1.0000e+00, 9.4017e-07, 9.3988e-07],\n",
       "          [9.9991e-01, 4.3157e-05, 4.3084e-05],\n",
       "          [1.0000e+00, 1.4304e-06, 1.4298e-06],\n",
       "          [9.9987e-01, 6.3489e-05, 6.3318e-05],\n",
       "          [9.9998e-01, 7.7299e-06, 7.7239e-06],\n",
       "          [9.9961e-01, 1.9556e-04, 1.9473e-04],\n",
       "          [9.9982e-01, 8.7859e-05, 8.7612e-05],\n",
       "          [1.0000e+00, 2.0387e-06, 2.0384e-06],\n",
       "          [9.9931e-01, 3.4781e-04, 3.4581e-04],\n",
       "          [9.9990e-01, 4.9938e-05, 4.9814e-05],\n",
       "          [9.9964e-01, 1.7812e-04, 1.7728e-04],\n",
       "          [9.9984e-01, 7.9891e-05, 7.9700e-05],\n",
       "          [9.9928e-01, 3.5878e-04, 3.5655e-04],\n",
       "          [9.9984e-01, 8.2024e-05, 8.1832e-05],\n",
       "          [9.9979e-01, 1.0736e-04, 1.0705e-04],\n",
       "          [1.0000e+00, 1.2676e-10, 1.2676e-10],\n",
